AA_pos	AA_ref	dist_TGI	dist_TM1	dist_TM6	GAT1_axis_dist
47	W	19.93882872688365	0	17.700724674430703	19.5109873404705
48	K	16.71525976465816	0	12.701893008524353	14.422692016402486
49	G	15.271058738672965	0	14.252590571541717	16.809081622741907
50	R	16.79275495563489	0	15.625917765046635	17.2301130292288
51	F	14.955020026733498	0	12.531668923172198	13.993293536548132
52	D	11.78115108977048	0	10.542097988540991	12.499011320900536
53	F	12.279464035535108	0	11.93890518431233	13.709947702307256
54	L	12.409399582574505	0	11.63132520394817	12.38275013880197
55	M	9.182208557857972	0	7.379378632378201	8.58846080505697
56	S	7.777014208550748	0	8.129408465565003	9.58203595276078
57	C	9.952398605361424	0	9.948148671989166	11.46755898175369
58	V	7.916081669614085	0	8.061764323025074	7.655960357786605
59	G	4.429368013610975	0	8.12799366387548	5.527106476267667
60	Y	3.5391137308654117	0	3.6418392331348137	2.385050313934696
61	A	4.764316320312927	0	5.297684211049203	4.558478912970853
62	I	4.804686358129954	0	6.7210624160172765	5.444385915785174
63	G	3.134510488098582	0	6.176700818398113	4.215910577799295
64	L	2.698222563095939	0	4.489890533186754	2.704346871242668
65	G	2.4349457899509797	0	2.956097765636314	2.7879580341174512
66	N	4.593125950809532	0	3.3370191788480925	5.516456380684981
67	V	6.539671092646777	0	6.878970126407005	6.52275953872286
68	W	6.858229363326947	0	4.956483128186771	2.433009864344991
69	R	6.449523625819191	0	3.2656987001252884	5.068087805079929
70	F	8.100985989371907	0	3.2116491091026784	7.70376070500635
71	P	10.073125185363278	0	5.748217984732317	8.89220675648065
72	Y	11.635135280691827	0	6.403947376423393	7.112245636927913
73	L	10.537680437363806	0	3.6482151800572313	9.474328947213104
74	C	13.940972813975344	0	6.474048578748854	12.630998416593991
75	G	16.08476776332191	0	7.9272882500890605	10.227443473322156
76	K	16.682533200926045	0	4.164785708773021	10.897663327521174
77	N	17.200178371168125	1.3311611472695628	2.839210805840244	13.215608990886508
78	G	19.662166157369334	2.554811930455945	6.1343135720307025	14.0571013726159
79	G	19.294789918524636	3.489980085903076	8.339554904190038	15.313989519390436
80	G	19.63055885602852	5.77673515058463	7.142547234705558	18.61444879656661
81	A	19.838095825960707	6.537106852423325	3.5344375790216005	19.265252814328704
82	F	12.841603677111364	3.419015940296274	3.3923621563742365	13.053251740466818
83	L	16.087397707522495	4.427308098608004	6.227491710151051	17.746401719785336
84	I	19.37896421380668	8.422042626346647	5.68003679565547	20.70213385136904
85	P	16.345110920394514	8.55066395082861	3.4535868311076245	17.565464924106056
86	Y	9.387817105163473	3.4770891561764707	3.483661722957626	11.109510970335284
87	F	16.558735368378827	7.759712623544766	6.9026155912088845	18.151902903001663
88	L	16.966526191297977	10.471913912938748	4.6998291458307255	18.691137498825483
89	T	13.428025245731412	9.637665536840354	3.7554235446884	14.85186759299988
90	L	13.205041764417109	8.686211774991444	4.334751319280039	15.152329721861255
91	I	15.263156324954556	12.116473166726363	6.977011681228575	17.269252386829034
92	F	16.00569333081201	14.212918700956536	6.9756130913346945	17.992281039379083
93	A	11.907053623797964	13.659432235638487	3.6328001596564543	13.842890919168584
94	G	9.427432524287829	11.573548721114015	3.750047066371296	11.593561359651304
95	V	11.038642489001994	12.638138668332452	5.193997112051566	13.137809748965008
96	P	12.161263174522622	15.45369771284529	6.714707663033439	13.79049516877475
97	L	9.281679212297744	13.70824164508345	3.667901170969579	10.506005568245238
98	F	3.9421179586613095	7.463381405234497	3.512723587189875	6.401954935798914
99	L	9.680202580524847	10.822944054184156	6.622890230103473	11.227108398871009
100	L	11.422192696676058	14.534420456282389	6.946715698803286	11.797454555962492
101	E	6.506642913208015	10.777519473422444	2.885595952312107	6.932418769808999
102	C	7.118386404235166	8.998167646804546	3.6641088957617063	7.912507946283533
103	S	11.4717402777434	12.1936809864782	6.363566138573566	10.05774954947677
104	L	11.116279413544811	13.673134717393824	5.246640544195891	9.466859141235812
105	G	9.176749315525624	11.397270945274585	3.234370727050323	6.560631753116469
106	Q	10.711069507756918	7.443514022288121	3.3180094936572946	7.127691140895482
107	Y	13.234932073871782	13.880761470466954	5.56512210108637	9.5523444766193375
108	T	12.050821092357156	14.476035161604168	4.870791927397437	10.001781741269896
109	S	11.800834038321184	12.989378776523534	3.7649207162966927	7.839572245983846
110	I	9.386237052195094	11.62003179857956	3.2959807341669864	8.159967892093695
111	G	8.69463305723709	10.98562870299192	3.827360709418428	8.78898822390836
112	G	7.653879604488171	10.921257894583388	4.159801557766899	8.741732093812983
113	L	9.98814767612094	13.5532867600446	5.773931935864844	11.16115527174495
114	G	12.35345514420966	15.396751280708544	6.664130625970653	13.214800187668375
115	V	10.805563011708376	14.143406838523749	3.6547924701684424	11.11255461178932
116	W	12.546195319697521	16.804183675501772	5.425908311057235	13.453664519379094
117	K	16.267809041170853	19.37964122474924	9.272733685381027	16.12847733048598
118	L	17.653738414284952	20.223839323926608	10.288664490593522	15.700639413730896
119	A	17.816286958847517	21.539602364017775	10.115169499321295	18.459692792676694
120	P	20.638335470672047	24.257776114062885	13.047337582817413	21.300477013437977
121	M	20.678704529055967	25.003027596673174	13.724631324738745	21.861300327290685
122	F	16.70417271222972	21.159101493210912	10.023830405588471	17.888645560801965
123	K	15.418744631129988	19.853587232538104	9.34284892310691	16.877188717318997
124	G	15.890051762030236	19.22448238574969	8.323378881199634	17.70494343396781
125	V	13.043923259510535	16.83546061145937	5.284703681380819	14.852377957754769
126	G	11.570804898536666	16.339421317782342	5.7907275017911175	13.48144821597442
127	L	13.22930119091708	17.498646747677373	7.429655510183506	15.53261568442353
128	A	12.12901418088049	14.108788785717929	4.729795132984099	14.579613472242674
129	A	8.52430976677878	13.9490227256249	2.9238628558809037	11.472442024259704
130	A	10.20310982004996	14.555790943813388	4.681876867240313	13.10824656466302
131	V	12.113439561082558	13.797970647888771	6.987952561373031	13.929135149032057
132	L	9.371290252681328	9.75636904796042	3.828849043772821	10.683946368266731
133	S	7.291579595670615	11.627572489561189	4.167688807960592	10.00654305941867
134	F	10.279641919833589	13.097481666335716	6.967373321417468	11.339284148481342
135	W	10.6317570514003	10.48979113233434	8.346453977588325	9.367044411125638
136	L	4.548542843592876	6.856944946548715	3.5062524153289374	5.270279973587741
137	N	8.478759520118501	8.868812096329473	7.661909748881151	7.93253994632237
138	I	10.860418316068682	9.490843640056454	10.025319446281989	8.349287754054231
139	Y	8.297232610937213	4.685168193352288	3.2955492713658443	5.083369355063624
140	Y	3.901542643621891	3.5373056130337392	4.430924734183604	2.834893648798835
141	I	9.97199563778486	6.632765486582505	9.018751410256309	6.301910583307255
142	V	12.177981359814938	7.16664851935687	10.540417875966783	5.641163355195456
143	I	8.88161865878062	3.694710408137566	6.816612868573376	2.26419014219212
144	I	9.661913889080166	4.632143564269137	10.411037844518676	5.704353249931146
145	S	13.418596759721188	7.73506748516133	13.217895672155992	7.572011687788127
146	W	12.8385740641241	4.73361394708103	10.999124010574674	2.608531770939358
147	A	12.16082698668146	6.40148865499268	13.473257586790224	6.447755345854867
148	I	15.308245817205844	9.632374265984485	16.22986078190446	9.165909556612489
149	Y	17.71626896386482	11.97225567718965	18.25372425013592	10.284343148689665
150	Y	17.18909517688467	9.396256382198176	17.231125848301385	5.480114962297774
151	L	18.591096874579513	12.9111994020695	20.303019726139276	12.241435128284593
152	Y	20.913761641560328	15.007808967334304	22.063737194772795	14.090963558252508
153	N	22.35871559370082	15.471999418304026	22.67894957884956	12.608373249551269
154	S	22.05499122647751	16.06432749915165	23.69328725609852	15.883112698712427
155	F	24.769325101827057	18.808371380850595	26.337861321679107	18.354663358394777
156	T	27.35975529861333	21.360906581884574	28.88493145222956	19.556228521880183
157	T	29.785668416203116	23.73158271165241	31.369137284917485	21.84368011576804
158	T	28.38727228882691	21.58092113418703	29.488558950888073	18.5937036654885
159	L	23.67788844048388	17.10645568199328	24.940500596419483	15.14124961817881
160	P	25.2187404324641	17.601424715062123	25.780218346631592	13.883741318535142
161	W	21.284586206924484	13.971427307186618	22.125354031065815	11.039715983665523
162	K	27.54811743114218	19.42422871055631	27.656584640913277	14.806599271946276
163	Q	30.358465870330143	22.075229217383	30.233754050729463	16.497286595073753
164	C	31.60553021229038	22.504205851351433	30.55858252602696	14.668867747716586
165	D	34.02332908461486	25.195388804303057	33.56495472959855	18.26545293717076
166	N	30.191468679082178	21.64714041161096	30.199791820474537	15.746683015797334
167	P	34.46768341504836	25.563482157170995	33.827281504726336	18.810797537584616
168	W	28.78525174460005	19.761486204230696	28.107006012736413	13.590353821736944
169	N	30.890717343564553	21.36099101165487	29.701234199945297	13.76386330214013
170	T	32.59525598917731	22.289536446503316	28.745664890553495	11.212960581398644
171	D	35.68046396839592	24.95284422666081	31.522699329213545	11.941903533356829
172	R	33.13253286424085	20.68245481078105	26.84244104026309	5.093589795026693
173	C	31.79626289361691	21.747464334951783	28.893961497171	10.475699403858435
174	F	29.18768748976184	18.532251536173355	26.37026456067515	10.507821753341643
175	S	33.86732094512348	24.514934427813586	32.117581260113596	14.82276957926554
176	N	34.40323368522209	24.273396363096772	32.1714514127044	15.566406939303626
177	Y	35.00530961154321	24.475172522374574	32.50731863750069	16.623983968952803
178	S	37.881964970154336	26.53145825242178	34.39110444577202	16.269506476841887
179	M	36.17929731213696	24.143207616222004	31.449618344266128	12.62827121976718
180	V	38.850046975518566	23.649435024964124	30.18567131935283	10.256494430359716
181	N	37.20900161251306	22.69948171214488	29.211128632765973	7.881863992736752
182	T	35.058285326011024	19.006160711727137	25.05732042737212	4.736191507952358
183	T	35.17682580904649	18.81606093208671	24.0327849613814	1.9936526778754653
184	N	32.68066946988693	17.590989199018907	22.45293078865207	1.942134135429381
185	M	30.15827529882967	16.009960836928986	22.61156796863057	3.3655721653234516
186	T	28.03815322021049	15.797809658303892	22.14421495560409	4.377532752590209
187	S	24.938031077051765	14.943294717029428	22.178337651862	7.280319635840169
188	A	25.707497525041212	16.471175610744975	24.566159284674516	9.361626888527452
189	V	21.217674754788753	12.313845418877085	20.256767906060443	6.2678923092216685
190	V	22.698866799908743	12.009232531681608	18.95273323296669	2.9161690623144594
191	E	24.946598425436676	15.15470441810067	22.85950883111884	6.858181756121667
192	F	21.977719285676574	13.724147587373135	21.967413001990028	7.911193146422356
193	W	15.536123647808669	5.831573115378041	14.0394505946636	1.8589725656932112
194	E	23.057870283267704	13.244259322438532	21.322467915323497	6.355718134089956
195	R	25.317668178566517	15.686709948233243	23.79095817742531	9.07591615210276
196	N	24.242223351004743	15.623205945003736	23.031288240131083	10.917296368607005
197	M	17.772389400415467	9.020048004306854	16.468350979985832	5.518573909987975
198	H	18.402128056287395	9.896703794698514	16.129576063864793	7.019988817654906
199	Q	24.707235762019184	15.574624810890311	22.73089065566944	10.755859100973751
200	M	22.784975641856622	11.691362153316444	17.786546516960513	7.753032052042605
201	T	25.92026616375688	14.746860954114943	20.508088428715148	11.160262631318307
202	D	28.168506350177665	16.275685515516688	20.919488186855812	9.697537110008916
203	G	27.018860468198863	15.44118522005354	20.338462159170245	12.98628361002484
204	L	24.07880082146949	12.341673914019925	16.304547893149312	15.021628706634976
205	D	28.239901009033293	16.82331629019676	21.359498987569907	17.800119353532434
206	K	27.57585035860182	17.569437241983593	23.11428653452232	16.433895399448065
207	P	26.26013667138844	17.980827511546853	22.73920748399117	16.05708233148227
208	G	28.422681611698778	19.933390178291297	25.05097285536033	17.930769336534333
209	Q	26.482561073279907	18.843487177271623	23.84460769230646	16.483579040972874
210	I	25.886966179913788	19.02580389891581	23.38272340853392	16.85538433261016
211	R	23.77896475879469	16.492381210728794	21.936943679555736	13.549325075441953
212	W	24.82493436043689	19.161515858616202	23.88563495073975	16.98079188377268
213	P	21.998641798983865	16.236047702566047	21.46381610990926	14.15924284698868
214	L	19.955328586620663	14.40203266903669	18.925808463576928	11.989397524479704
215	A	21.79609733415595	16.471463626526937	20.925635139703655	14.497126956745614
216	I	21.287621238644775	15.786161091284988	21.229103348940583	15.27893667766184
217	T	17.83738921479262	12.371825572646909	17.90046354148406	11.39231543629302
218	L	15.556509730656176	11.008927377360616	14.844128300442572	11.313687860286768
219	A	19.551996419803277	14.750690661796153	19.432308251980785	15.005380501673404
220	I	17.896115025334414	13.480722161664785	19.023004625978523	15.174489777254456
221	A	14.888229579100411	10.109231869929593	15.396176993007073	11.62527913643368
222	W	13.220363610733267	12.405401283312038	13.224551523586726	12.418426671684308
223	I	17.997138494771885	14.978475589992454	19.321929639660723	16.597897939197
224	L	15.052480393609558	13.136422876871771	17.231626881986504	15.375655758373371
225	V	12.519312041801667	11.116241316200368	13.828829343078894	12.661033883534168
226	Y	15.931331080609674	15.603886855524165	17.16402825679333	17.173733985362652
227	F	17.044474940578255	15.532121844744848	16.031953530371766	18.51341105793311
228	C	13.789161359560625	12.546350425522148	11.858714475017935	14.443287091240682
229	I	11.290838409967614	12.562917376151132	11.472674186953974	13.718756722094026
230	W	15.971367161267056	15.97966013405791	12.956863007688236	16.99164362267523
231	K	15.427465378343909	13.754391916766073	11.203107113653775	14.667781359155844
232	G	15.045465263660011	12.31960457969329	10.29867841035926	13.299452996270178
233	V	10.764087234875056	7.49258526811673	6.949585671102977	8.710583045927521
234	G	15.236793560326271	10.290245186583263	10.42841828850377	12.674335524989074
235	W	14.787439264456838	10.476693848729196	12.865503721191798	14.56006033641345
236	T	10.335522821802494	5.917517131365152	10.233810922623109	10.932214460025934
237	G	13.31970063477404	6.747446183557155	10.649592339615626	11.581464069797049
238	K	15.619720291989855	8.64059940050457	12.928609554008496	13.960855346288776
239	V	13.631733455434052	7.052482470733259	15.086709846749221	14.930043737377328
240	V	12.134491789935012	3.3549324881433895	12.14927232388838	12.049226904660724
241	Y	15.32719455738722	5.140812873466602	15.840810743140642	15.596161995824492
242	F	15.713708823826414	6.758781620972815	17.676386565132585	16.233370752865834
243	S	12.460740828698755	6.9124132544285946	15.515711682033793	12.884984478065933
244	A	10.831083140665111	3.5013855828800096	12.844647289824657	11.406129843202734
245	T	13.07445543799053	5.427550644627834	15.04688858202917	13.551483608815674
246	Y	14.56857597708164	7.223365974391712	16.319634585369855	14.73618342719715
247	P	11.033494731951436	4.175048023675889	13.23346371892106	11.429680704201672
248	Y	9.311923592899603	3.43830961374918	9.385603070660943	10.020203091754183
249	I	16.142566028980657	8.463711951620278	17.44783969435758	16.872993628873335
250	M	12.615378155251626	5.3517007577030995	15.014785413052026	12.429346121176293
251	L	12.260002732463004	4.420639546490987	12.623998653358614	13.48673325902162
252	I	17.985904870203232	10.06616615201637	18.367959521950176	18.768787227735302
253	I	20.36755483606218	12.2999592275747	20.64640932462591	19.39379503861996
254	L	15.862373403750148	7.772716706531894	16.194413789946214	13.85567555191734
255	F	19.491870151424664	11.357023597756584	17.64553943635614	18.83765086203691
256	F	22.21006978827397	14.103392996013406	20.99698199742048	21.608396400473584
257	R	23.559236723629223	15.260773309370656	22.401501244336277	19.197598938408937
258	G	22.674045029504548	13.389758548980636	20.55165496985584	18.57712628476213
259	V	24.06862694463479	15.010066222372236	21.400992827436763	20.87700622694739
260	T	26.678026726128003	17.391580894214304	24.30260837852596	21.969730926891213
261	L	23.59627921940237	13.42244575328952	21.190034096244396	16.433858250575245
262	P	28.87675333204894	17.47306607324541	25.330846432758616	18.245324716211556
263	G	27.424562293681184	14.826515774112275	22.0254044457758	17.306124147249157
264	A	25.22982257171064	13.784160982809215	20.398284266084744	18.073006252419656
265	K	27.176862824836864	14.816480351284511	19.950244058657535	19.99794241915902
266	E	26.394278944498552	12.465093902574507	17.488354096369395	17.838812796820303
267	G	22.946903625543893	9.89383919416522	15.5150818882789	16.33066541816346
268	I	21.00524120309025	10.242149286160592	16.13919781153947	18.15224451686348
269	L	25.1474963763791	12.063008621401217	15.25889966544116	20.38825073418512
270	F	21.941630294943906	5.900043559161243	10.657463253513946	14.383508542772176
271	Y	14.91774879128885	3.1928437168142065	9.24379197083102	15.93075064144813
272	I	21.98140498239363	9.399742602858868	13.635868949208929	20.692407254836255
273	T	23.888050297167407	10.331971205921947	11.87160326156498	21.36364343926382
274	P	23.5418620546464	10.22764146810007	9.547873585254475	22.3861323144486
275	N	25.11902424458402	9.086767742162223	7.624038431172812	18.80937598645952
276	F	27.344966940919853	12.304274907527065	7.294830498373488	23.33590851027661
277	R	28.08799435702022	10.973474290305685	7.947479160085924	21.04885246278285
278	K	23.54977345963225	4.485685454866396	3.5424989767112205	14.999177244102423
279	L	22.57159367435095	9.453894700069387	3.1222427836412687	21.429540475707824
280	S	26.94361917040841	11.424817766599164	3.916530479901816	22.99340385849821
281	D	23.40575279712233	6.628185649180319	1.3301789353316364	18.104163001917534
282	S	20.768454107130832	9.680912766883086	0	20.03348851298744
283	E	18.143573793495037	4.164785708773021	0	16.6416325521266
284	V	17.239696314030592	6.395406085621141	0	17.080548146941894
285	W	16.74729410979576	8.699428601925526	0	17.070113473553704
286	L	14.731646852948913	6.460736800087136	0	14.311339000946065
287	D	12.440940036830016	3.6482151800572313	0	12.346345329691706
288	A	12.452003332797489	5.741248470498373	0	13.358519379032984
289	A	11.567019365419933	7.261050474965722	0	12.07127027284203
290	T	8.999020280008247	3.859269490460597	0	9.0774914486327
291	Q	6.599969469626354	2.956097765636314	0	7.758127609159307
292	I	7.445185424151625	6.564827872838703	0	8.329865785233272
293	F	6.9571946932653805	6.999393830897078	0	7.767132933071241
294	F	3.92038735331089	3.2656987001252884	0	2.83721500771443
295	S	3.505730451703324	3.3370191788480925	0	4.538577199960349
296	Y	3.2534137455909313	6.1062323080603464	0	4.860748193436889
297	G	3.620776850345792	8.4851098991115	0	5.35826128515585
298	L	5.5088517859895285	10.576030398972954	0	7.415041469877292
299	G	7.586515998796815	10.763252017861522	0	9.50799337399853
300	L	3.743345829602168	9.07170182490584	0	5.8196403668955305
301	G	5.161974622177059	9.767268092972571	0	6.465183214727944
302	S	3.267402944235679	7.624036070218974	0	3.995523745393088
303	L	3.2420323872534067	6.855118525598222	0	3.538526388201736
304	I	4.234937543813364	7.466475540708622	0	4.510882951263531
305	A	3.5742855230101545	4.83368327468816	0	1.9771122881616945
306	L	3.6251835815583298	3.6418392331348137	0	1.8714542473702092
307	G	6.294673541971814	7.073636335011858	0	2.9669029306669312
308	S	7.952297026645818	8.230015370581029	0	3.2213456815436623
309	Y	7.370679005356282	4.738377992520227	0	1.8932588306937956
310	N	9.706147021346826	3.901052422103551	1.330446917392808	3.0627298281108617
311	S	13.128897364211516	6.818734926656118	3.93531968205888	6.676121179247728
312	F	15.461981244329587	9.98655416046996	6.086747818005937	9.152193944623331
313	H	17.31758464682646	6.609387566181915	8.144416308121771	11.370203252360962
314	N	13.710818028111962	3.4158607992715404	7.4701754330136	9.253165404335974
315	N	13.542092083574085	3.4095134550255075	9.852396104501675	12.599959126917833
316	V	11.646246219275982	6.425743614555441	8.010175903187136	11.048895962945808
317	Y	12.864473949602448	7.222931330145674	10.7956893712259	14.210339686298852
318	R	13.44560337061897	4.917127413439686	11.838040167189838	15.57636754830856
319	D	9.589498057771332	3.092169626653742	8.158900783806605	10.908275436566496
320	S	8.545609516002944	6.783205363248269	6.211881759982245	10.296410782403742
321	I	10.650057746322322	8.916206256026161	7.366306605076926	13.257228895964644
322	I	10.397253627761522	5.928842804460232	7.996987807918671	13.129153323805763
323	V	6.378896534668057	4.343969152744983	5.5398673269312155	8.951233937284853
324	C	7.85289048694811	7.409113914632433	2.9628584171370735	10.374516181490108
325	C	10.23187543903854	7.912689113063895	5.013326340863917	12.596952448906054
326	I	10.440674978180295	5.604229563463644	6.279374968896185	12.049226157724828
327	N	5.383704393816587	2.550996275967489	3.178080395458871	6.42821079305899
328	S	9.586580673003285	4.977885695754769	2.234507104486347	11.237876311830448
329	C	11.732936546321216	6.078653633823861	6.017957460800134	13.540940476938806
330	T	8.876206847522212	3.2939426224510986	7.900403723861205	10.478400689036471
331	S	8.703216014784417	3.1584367968981093	4.697043644676937	10.618165048632456
332	M	11.692326629033255	4.336523031185238	7.37385638590827	13.611697249057524
333	F	13.443480427329826	6.049635030313805	10.475488771413003	15.321861440438628
334	A	11.008219247453244	4.107089845620622	9.106122006650248	11.96070073198055
335	G	13.00494329091827	4.156518855965878	9.428472463766337	13.766240626983103
336	F	15.756893919805393	5.936659835294583	11.83590144433452	16.24857467595236
337	V	16.44090611858118	7.246465207257939	13.731569575252498	14.354151629406738
338	I	13.689885463363076	3.6778103540014033	11.246343138994105	9.973549568734292
339	F	16.050222771039653	3.382001921939131	10.292511501086604	12.207632079973587
340	S	20.059988160514948	8.789314080177128	16.055469005918198	15.01870929873803
341	I	18.906399683704983	9.474540463790314	17.2119764408391	12.05643002716808
342	V	19.038151827317684	6.974140090362386	14.786681879312884	9.62395059214251
343	G	22.939154844937075	10.505635154525413	18.507013184195884	13.210037282309246
344	F	24.78044943095261	13.015059316038467	20.89381071035152	13.55147892298107
345	M	21.55275149487879	10.759810128436277	18.57933327651991	7.285533199430223
346	A	25.919513517811243	11.805420704066409	19.55255686604695	10.928821574168008
347	H	28.332777925928827	14.743194701285066	22.786085052066316	12.800000156250002
348	V	29.1859392516328	16.844319546957063	25.05820745783704	11.414226254985484
349	T	28.020510166661843	14.002528093169458	21.789149478582225	7.568511280298115
350	K	31.3541200641957	15.940267532259297	22.87045843440835	8.054777960937223
351	R	28.912027583689103	12.770448895790617	19.585745250053662	2.5410913009964893
352	S	26.5177119110982	9.670396165618026	15.800602425224174	8.71823181614253
353	I	23.298845593719868	6.7677151979083705	14.446325588190234	9.953492552868072
354	A	23.066948150979997	4.930001014198673	11.710028778786162	8.056810597252491
355	D	23.570701665415044	7.126102862013705	13.792497707086987	4.118405638108036
356	V	20.661157034396687	6.714119152949251	14.730303221590516	5.913426502460317
357	A	18.304689699637073	3.3794452207425834	11.058725333418847	7.517043434755454
358	A	19.98742151954573	3.3938952547183847	9.75713016209172	5.007896264900069
359	S	19.006203987119573	5.596476212761019	12.26915702075737	2.8105682699411556
360	G	15.021916721910024	3.273218904992459	10.97996853365255	4.326805981321557
361	P	12.170230688035456	2.665138270334207	10.170022271362054	2.9042887253164005
362	G	14.070054157678276	4.091711866688564	12.363256650251992	1.9052603496635272
363	L	14.270667713880805	3.3587761163852616	10.844659284643305	4.153323729255883
364	A	11.835477599150789	3.326136647824328	11.418373702064592	6.151927015171746
365	F	11.746136641466412	4.260078637771844	12.019007196936036	2.609531950369643
366	L	16.783376477931963	7.9854088812032655	15.677209764495723	3.348224156175919
367	A	17.13579808471143	7.286586374976962	15.057339937718083	7.765848569216369
368	Y	16.20269665827265	7.896891413714636	16.444401539733818	10.23038249529313
369	P	17.76503858706758	9.62117503218812	17.87477781680097	9.10183443048708
370	E	21.183066704327764	12.474565884230197	20.482292962459056	11.292940006924672
371	A	20.63478894973243	11.967598171730195	20.0425604402232	13.523359974503384
372	V	20.750287973905323	13.230116326019209	21.917793433646555	14.549646662376384
373	T	24.163613595652446	15.848930910316948	24.268969199370623	15.151971488885524
374	Q	25.944141342507365	17.289817841724062	25.09525799827529	16.57694263125742
375	L	23.296408779037165	15.36165645365108	24.032989119125403	19.14047559492711
376	P	28.689775251820993	20.937844850891416	29.423936276439974	22.518970913432085
377	I	26.16143784274863	19.113817645881213	28.35842446258255	21.472298176953487
378	S	23.761024788506074	17.0607130566105	25.643723481585127	17.902102278782785
379	P	23.454396965174784	17.413795967565488	25.5823718212366	18.724100645958934
380	L	22.155054276620497	15.761416973102389	24.681364326146973	18.961757012471185
381	W	19.581795448834615	12.76324465016635	21.917164278254617	16.218364190016196
382	A	18.531946848617928	12.646052150770217	20.586636077805434	14.025659271492366
383	I	18.42423157149302	13.111901959670076	20.916529587864247	15.367512778585873
384	L	16.42577867256223	10.731004146863423	19.257515675704393	14.809215070354002
385	F	13.270631070148848	6.118944843680159	14.878855903596891	9.758971923312416
386	F	14.19000965468312	8.653283423071258	15.914293983711628	8.058895705988498
387	S	13.947186777268024	9.62787375280751	16.883395570796772	12.788335309961184
388	M	10.913983049281333	7.085079674922507	14.046129822837337	10.571269933172651
389	L	9.6731329464657	4.011529633444073	11.806556483581486	7.217205137724704
390	L	11.370772577094312	6.962492728901046	13.960502927903423	9.804774551207188
391	M	9.603179109024268	7.551456415818072	13.4384360325151	10.026628296690774
392	L	5.901677219231844	3.4652916183201645	9.139339199307583	6.472726550689445
393	G	7.878398885560442	4.45160566537513	10.304476114776527	7.1445840326781775
394	I	8.87147005856414	6.767594328858663	11.959044945145074	9.40106775850488
395	D	6.3250830824582955	4.015050311017274	10.150363786584204	7.438040736645644
396	S	3.901669770752009	5.385000278551526	6.9325289036541236	4.524850163265073
397	Q	6.1828857340242	7.306328352873275	8.447105598961096	7.082392110014797
398	F	7.245165974634394	8.736406240554519	9.933905727356178	9.308959823739702
399	C	3.5315851964804708	4.952016256031471	6.998460473561309	5.104309747654427
400	T	4.145057056302131	7.691172602405949	4.020465271582377	5.708412125976891
401	V	6.530291953657201	10.36389120938656	7.760638762370011	9.644691234041664
402	E	7.186263424061223	8.487116942755048	6.992727507918484	9.1713367073726
403	G	5.771623774987419	8.64836730256064	6.412942070532067	7.74882610464321
404	F	6.993562897407872	11.03237821142839	6.692132769155146	9.80036137088832
405	I	9.73922245356374	12.866331295283825	9.254652289524444	12.219964443483462
406	T	7.941462144970544	9.958308139438143	6.70969529859591	9.338118172308596
407	A	9.515597774181083	12.687541448208162	7.056706384709511	11.265354588294144
408	L	12.091978746259851	15.258055904996542	9.774540398402374	13.888208451776636
409	V	14.090883506721648	15.92569445895531	11.677640258202857	15.271350889819804
410	D	11.666617118942412	13.046922587338363	8.536240214520683	11.684304044315178
411	E	13.399495102428302	16.42717507668315	10.38969224760772	14.719500161350592
412	Y	19.6013237563181	22.15707482949859	15.536859592594626	20.650319852244422
413	P	20.73900446019529	23.64086390130445	17.773766004986115	22.209844123721357
414	R	23.04563086574112	24.975616869258698	20.32305941535378	24.125623639607745
415	L	21.604965054357297	23.89298520486713	19.537799057212155	23.333910130966046
416	L	18.084870361713957	20.536911257538215	15.466451790892444	19.56650520660243
417	R	19.398246956877323	21.06702145534579	15.98491801668061	19.938824589227917
418	N	21.355319079798377	22.54082902202134	17.359501980183648	21.879841886997266
419	R	19.091401441486692	20.567319465598818	16.471631613170572	20.386134037624696
420	R	16.692980380986487	17.4012798092554	12.13436364215281	17.145176756160897
421	E	18.88378018300361	19.50046591751078	15.249939868733916	19.528739181012178
422	L	19.587142057993045	20.917419032949542	17.267206983180575	21.183286926253913
423	F	16.297339476123085	18.9869888344624	15.264354195314	18.64385182841786
424	I	16.0745042225258	17.667816418561735	15.670008647093969	18.517872528992083
425	A	19.30517881295068	21.20914571594057	20.033075600116923	21.434990832748227
426	A	18.991661696649924	20.609163229010548	18.375260134213065	20.21146221825627
427	V	15.011985678117338	17.06756863176475	14.411140586365818	16.84362389748715
428	C	18.103980142499054	17.828269489773824	17.731272881550275	18.03384077228143
429	I	20.422747146258263	19.739199527843063	19.83618456256141	19.64817233230613
430	I	18.403889018356956	18.56488779928389	16.60857772357404	17.458084230521983
431	S	15.605746217339304	15.137797263802945	14.983104684944296	14.479618710449529
432	Y	18.05125541340547	15.885986938179204	17.651643606191463	15.726805492534089
433	L	20.461563210077585	18.536884689720655	19.595774774170067	17.84282189004867
434	I	18.119983940390245	15.351489211148213	15.762935323092586	15.399086466410914
435	G	17.533534555245854	13.654371717512316	15.455499215489615	12.752808984690404
436	L	19.795525605550367	15.662797451285645	17.728741692517268	14.916502606174149
437	S	19.94894651353801	13.963856881248828	16.492400280129026	13.430728833536929
438	N	15.82562886586186	10.18809555314438	12.56985572709568	9.973513021999816
439	I	19.618678880087717	13.053556182129068	16.917251076933276	11.838436087591967
440	T	22.04526477500327	14.29166589310007	19.26750554690462	12.183619412965914
441	Q	24.252953345932948	15.38069744842542	21.364872314151576	12.100299252497848
442	G	23.19545599896669	14.12851895989102	19.628083426560007	13.13592021900255
443	G	19.024327084025867	10.92103754228508	15.339266801252265	10.840550954633256
444	I	17.725001833568307	7.958715097300567	13.773098816170595	5.647875087145612
445	Y	19.26137866301371	8.91677531397982	13.535638773253362	11.020377579738367
446	V	16.977168521281744	9.878308154739855	12.37797669249703	11.722129072826323
447	F	11.53113060371792	3.4064334721230094	8.467758499154318	4.68939335095703
448	K	14.977468310765998	3.21368651240285	9.175085449193364	6.6912900848789985
449	L	15.825995260962262	7.682824610779558	10.189965161863908	12.35649412252522
450	F	12.367325701217698	7.125749574606175	7.314640182538021	9.4408724702752
451	D	9.538133255517034	3.2530141407623705	5.126271452039968	5.649397932523445
452	Y	13.533963573173962	4.658319117449988	3.434520490548855	10.133530184491493
453	Y	14.770375384532375	6.8827838118017475	6.67465474762552	12.244990281743814
454	S	12.178775225777018	8.164587619714792	7.753939708303125	10.096807663811386
455	A	8.666840831583324	4.878735184450986	3.8657243823118086	8.189438381232252
456	S	10.807695591568065	3.0329088347657325	3.7772435717067623	9.57841380396567
457	G	13.460010029713937	5.387402342502374	3.303947336142037	12.484582051474534
458	M	16.522868213479157	8.851876750158699	4.908499363349248	15.836355893954906
459	S	13.7132952276249	9.35606455728048	6.846182585937938	13.70532578963375
460	L	9.406823268245226	5.839107637302123	3.6161991095624137	9.819346465014862
461	L	14.381592053733128	9.31706273457467	3.5633412690900066	14.870875529033244
462	F	16.421004780463342	12.503865522309496	7.177603917743013	17.36641056752949
463	L	11.830126668806216	13.27009080601938	3.3008756414018356	13.436784325127798
464	V	10.939545648700417	11.773327142316235	3.4960790894944016	12.856188043117609
465	F	15.540853612334171	15.141751285766125	6.427359800104546	17.429534388502745
466	F	17.100162396889683	17.469308114519023	8.7022891241328	18.395165805178276
467	E	10.980009744986562	15.375414043205463	3.5172588758861725	11.711732792375338
468	C	15.506588857643708	17.83095233014771	6.987750067081673	17.0007894522578
469	V	18.839836437718876	20.94713216648045	10.740260751024628	20.02945865469159
470	S	16.93103715074775	21.042509308540183	9.570540737074378	17.57757335356619
471	I	15.514606214789987	18.9685514734257	8.996743688690925	15.782287350064314
472	S	19.814516345346405	23.69677079266287	12.71726519342898	20.24368667016954
473	W	22.076832857092523	25.27559174381482	14.550522293031278	22.788050969751673
474	F	22.60409062537133	26.45521657443008	14.988041499809103	23.21936941434887
475	Y	20.0203603613921	22.815497036006025	13.204556713498569	18.509458798138855
476	G	22.46264997724	24.509080541709437	15.927582522153203	21.798112532969455
477	V	20.750572064403425	22.925198188892494	15.160783357069642	21.51347182581185
478	N	24.82172222066793	24.57485800569354	18.909796878866786	24.209726206630265
479	R	23.23363383115091	21.97590212027711	16.49564360672235	20.99622735159819
480	F	15.908876170239054	17.66896547622412	10.588382973806723	14.694312198942828
481	Y	22.145297762730586	18.397272026036905	16.210990654491166	20.14218362045188
482	D	23.130815398511132	18.79039557859281	15.670614857113934	19.837177899086353
483	N	20.00808708997439	16.349916299479943	12.265767852034372	16.431790225048513
484	I	18.18025846900972	13.793036612726	12.438080438717222	16.091046392326394
485	Q	22.051786821026543	15.2661930421438	14.647188433279608	18.66801703448976
486	E	20.67956184255363	15.106400795689211	12.482364880101844	16.695294007593873
487	M	15.623188054939352	11.578388057065643	7.739459541854317	11.82925640097466
488	V	18.654853979594705	8.625323762039315	11.815722280080884	15.54187958388561
489	G	22.410578528900142	12.271431416098128	14.423983673035684	18.183245364895672
490	S	22.233237775906588	11.912295076936264	16.30674145867285	19.92360464373855
491	R	22.96064742118567	15.09097362664186	18.6334113623888	22.17274259084789
492	P	20.58589296095751	15.924871804821542	16.910868369187906	20.436439048914565
493	C	20.829807296276172	16.90093861298833	17.253500920103143	22.72099757933177
494	I	23.38584986696014	20.325532465350083	17.958067323629237	25.154168183424385
495	W	19.554899360518327	19.476808106052697	14.311938303388544	21.60718662852709
496	W	15.454379929327477	13.46930120681841	11.425217941028524	17.4112764896776
497	K	21.10524062881066	21.41763593396806	14.691868703469952	22.62812241437632
498	L	21.75524017334675	23.328968129773777	12.82291331952298	23.56571225318683
499	C	18.55753658220832	20.52019251859007	9.65507436532728	20.433417996018186
500	W	14.85720259672055	17.209566932378046	9.34222810682762	16.202909275805993
501	S	20.782361246980575	24.051838952562452	12.531375263713072	22.198710300375566
502	F	22.307541213679293	21.85064122628899	10.951641246863412	24.04800511476992
503	F	20.21278157503317	19.0691337506453	8.755843648672576	22.03599205844837
504	T	15.850307410268112	16.46970910489922	4.798246763141719	17.509811249696554
505	P	19.412874980280485	18.785585883863195	8.019854736839056	21.09881598573721
506	I	21.832928021683216	18.73863028612283	9.20541623176269	23.552362047149327
507	I	17.990167842463286	14.999151175983265	5.920701478710097	19.613201421491603
508	V	16.53886099463926	14.071428001450316	3.9545196927060577	18.16171894397664
509	A	20.889884513802375	16.632772408711666	8.227144462084041	22.230874994025765
510	G	23.10656982332081	16.44491997548179	5.887570042046205	23.876822401651356
511	V	19.344036316136293	11.584373483274788	3.685798013999144	19.38471970393176
512	F	20.395370111866068	13.71709721479002	6.404508646258506	20.721072366072168
513	I	24.2144410011877	16.445321857598294	6.897677072754269	24.256041783440264
514	F	25.17865629853984	13.789725196681768	3.368201003503204	24.33063770228803
515	S	21.734749181897634	11.658678741607044	3.735566489837916	20.90883136380416
516	A	24.733094347452763	14.24423521990563	6.745529630799939	23.751521761773507
517	V	27.616982257299583	15.80080175180994	7.585876086517622	26.545783751850323
518	Q	26.364613670600207	11.296838053189926	5.866667964015001	23.446602163213335
519	M	23.25798151173054	10.388024884452289	6.838955914465307	21.098152667947023
520	T	23.77690293120615	7.080746358965275	4.124714293135949	18.17399881699127
521	P	23.679396550588017	5.727168672214918	6.687222442838285	15.804910312937563
522	L	18.92846475549456	4.822829978342582	7.580802332207329	13.175415363471476
523	T	19.463804098890837	2.441240872998819	5.967012066352802	10.20506335110175
524	M	18.695531819127257	5.456943191934474	9.563161924802907	5.257374344670546
525	G	21.239202503860632	7.220417162463676	11.623086208060236	4.536425575273995
526	N	24.560214392386715	9.76686935512092	13.335306820617207	4.393482104208463
527	Y	24.245659013522392	7.762397116870535	11.457056908298917	7.455677098694664
528	V	26.032270915154513	9.211531740161348	11.662149801816138	10.997671298961434
529	F	20.703517720426156	7.7261872874012	11.992107487843825	12.045352340218193
530	P	26.68842269599311	12.424826356935538	14.908678579941284	16.278181040890285
531	K	27.859490321971077	14.121573991591722	15.230245172025302	19.975909691425812
532	W	26.761436695364463	15.91632881665869	16.549646280207927	22.0125226405335
533	G	23.342177747588163	13.321012461521086	13.980037410536502	19.39443987332453
534	Q	23.426363802348835	9.595274097179304	9.233767595082742	19.065546045156967
535	G	25.032064757027133	14.500968588339193	13.583413194039258	22.299762644476736
536	V	22.599586146653227	15.6080692592005	14.598809848751364	20.064332956766847
537	G	20.009746375204266	13.208840221609176	11.676338295887112	17.808250391321454
538	W	21.762451378463783	14.090695014796127	9.451053539156357	19.345950894179403
539	L	22.559171638160837	16.338813573818644	13.365412713418168	21.1032081210417
540	M	17.160248599597853	12.811909888849527	12.92725322719408	14.991653978130635
541	A	18.18409541330006	12.24515520522301	10.454791341772442	17.02232346067952
542	L	20.705146437540595	15.532957831655892	12.829153479477895	20.055506201539774
543	S	19.48226837408827	16.92313886369784	12.201318330410045	19.483924117076633
544	S	15.652249071619062	13.500436770712268	7.943627005342076	16.799705771233022
545	M	18.904906770465704	13.61594455041589	10.016876259593095	19.007610423196297
546	V	21.73439350430556	18.7994217730227	13.065364977680495	22.870899763673485
547	L	17.45990761716682	18.89639013145104	9.976886638626304	19.897060813094978
548	I	17.826880069154	17.49521891832166	8.627425224248546	19.60821537009424
549	P	22.52212416713841	21.51417225923415	13.5042155270123	24.324772188039084
550	G	23.73219924490775	23.98347724997358	15.314960724729271	25.714654848937787
551	Y	19.13246677770537	23.32077470840109	13.478268620264249	20.60503239502427
552	M	23.420313597388045	25.467388676501564	15.636557069892335	24.93425848105372
553	A	26.169723842639225	28.088488229166053	18.467989278749325	27.724354726485515
554	Y	24.629691370376523	28.596590513555988	18.806759343385036	26.164354950963336
555	M	22.80130037958362	26.963619731037603	16.349023365326747	24.08451398720763
556	F	28.537269438402827	32.178175802863656	21.883801794934993	29.928154069370866
557	L	30.53680238662851	33.82885219749557	23.840219923482262	32.02436055567699
558	T	28.199357191255256	32.09449413840323	22.345509392269385	29.57887061738496
559	L	28.567110249375947	32.23501627112976	22.097572038574732	29.701729057413477
560	K	33.99070431750421	37.740397374696514	27.637684309652272	35.21200177496302
561	G	36.65245296020445	40.47438056351203	29.994104654081603	37.81941058504217
562	S	36.76430415498164	40.56958517165291	29.65338054927296	37.82548660625531
563	L	35.91441806572953	39.22618811457468	28.544861866892955	36.86401934135777
564	K	35.70731426472733	39.392246115193785	28.090290244139517	36.259863609782094
565	Q	33.436928462405156	37.01602891991523	25.973331572980772	33.89351672517917
566	R	30.796974283198665	34.53653003704918	23.256741022765848	31.58774379407304
567	I	31.629428638532193	35.26540725697068	23.948548703418332	31.9201413217423
568	Q	32.3800937305623	35.71801188476201	24.84324618482858	31.9894593264719
569	V	28.55916970081588	31.94350796327792	21.074095971120553	28.489788556603923
570	M	24.26731777514771	28.1105676570218	17.156271331498573	25.25484003117026
571	V	27.540547162320507	31.270575578329225	19.834784218639733	28.07472411262486
572	Q	26.704070476240133	30.164739564597603	19.083699143509875	26.588912162779422
573	P	25.720075602532752	28.970757428828136	18.22803955448858	24.97864153632059
574	S	21.88301569711086	24.949946873690944	14.573162354135778	20.834483674907812
575	E	22.954849792581964	25.509910583927972	15.588298303535256	20.761194883724784
576	D	22.67396967890712	23.672168574087152	15.360763327387078	19.157097405400425
577	I	19.016562596852246	20.76231032423897	11.539045237800224	15.700776636841884
578	V	20.824742159268144	20.663565181255624	12.447141398730876	16.09416148794339
