Paraz_score	AA_pos	Gene	MTR_score
-1.81	1	SLC6A1	0.733
-1.81	2	SLC6A1	0.739
-1.81	3	SLC6A1	0.815
-1.81	4	SLC6A1	0.852
-1.81	5	SLC6A1	0.858
-1.81	6	SLC6A1	0.882
-1.81	7	SLC6A1	0.905
-1.81	8	SLC6A1	0.91
-1.21	9	SLC6A1	0.868
-1.51	10	SLC6A1	0.846
-0.91	11	SLC6A1	0.842
-1.51	12	SLC6A1	0.862
-1.21	13	SLC6A1	0.858
-0.61	14	SLC6A1	0.862
-1.51	15	SLC6A1	0.877
-1.81	16	SLC6A1	0.881
-1.51	17	SLC6A1	0.885
-1.51	18	SLC6A1	0.862
-1.21	19	SLC6A1	0.921
-0.91	20	SLC6A1	0.954
-1.81	21	SLC6A1	0.919
-1.81	22	SLC6A1	0.92
-1.81	23	SLC6A1	0.909
-1.81	24	SLC6A1	0.909
-1.81	25	SLC6A1	0.979
-1.81	26	SLC6A1	1.014
-1.81	27	SLC6A1	0.928
-1.81	28	SLC6A1	0.966
-1.81	29	SLC6A1	0.963
-1.81	30	SLC6A1	0.954
-1.81	31	SLC6A1	0.922
-1.81	32	SLC6A1	0.905
-1.81	33	SLC6A1	0.911
-1.81	34	SLC6A1	0.876
-1.21	35	SLC6A1	0.883
-1.51	36	SLC6A1	0.875
-1.21	37	SLC6A1	0.85
-1.51	38	SLC6A1	0.824
-1.21	39	SLC6A1	0.781
-1.81	40	SLC6A1	0.807
-1.81	41	SLC6A1	0.796
-1.51	42	SLC6A1	0.766
-1.51	43	SLC6A1	0.746
1.48	44	SLC6A1	0.753
-0.61	45	SLC6A1	0.747
-0.31	46	SLC6A1	0.728
1.48	47	SLC6A1	0.696
-0.61	48	SLC6A1	0.696
-0.61	49	SLC6A1	0.71
0.28	50	SLC6A1	0.655
-0.61	51	SLC6A1	0.626
0.88	52	SLC6A1	0.66
0.88	53	SLC6A1	0.598
0.88	54	SLC6A1	0.62
0.88	55	SLC6A1	0.583
0.88	56	SLC6A1	0.551
-0.31	57	SLC6A1	0.547
0.28	58	SLC6A1	0.612
1.48	59	SLC6A1	0.434
-0.91	60	SLC6A1	0.432
-0.01	61	SLC6A1	0.457
0.88	62	SLC6A1	0.529
-0.31	63	SLC6A1	0.535
1.48	64	SLC6A1	0.463
1.18	65	SLC6A1	0.463
1.48	66	SLC6A1	0.35
1.48	67	SLC6A1	0.328
1.48	68	SLC6A1	0.313
1.48	69	SLC6A1	0.423
1.48	70	SLC6A1	0.418
1.48	71	SLC6A1	0.397
1.48	72	SLC6A1	0.471
-0.31	73	SLC6A1	0.508
0.28	74	SLC6A1	0.508
-0.01	75	SLC6A1	0.508
-0.31	76	SLC6A1	0.528
1.48	77	SLC6A1	0.522
1.48	78	SLC6A1	0.556
1.48	79	SLC6A1	0.525
1.48	80	SLC6A1	0.495
0.58	81	SLC6A1	0.495
1.48	82	SLC6A1	0.5
0.58	83	SLC6A1	0.424
0.28	84	SLC6A1	0.432
1.48	85	SLC6A1	0.436
1.48	86	SLC6A1	0.461
-0.61	87	SLC6A1	0.433
0.58	88	SLC6A1	0.502
-0.31	89	SLC6A1	0.505
-0.01	90	SLC6A1	0.533
-0.01	91	SLC6A1	0.505
-0.61	92	SLC6A1	0.486
0.28	93	SLC6A1	0.468
1.48	94	SLC6A1	0.443
0.58	95	SLC6A1	0.441
1.48	96	SLC6A1	0.399
0.88	97	SLC6A1	0.399
1.48	98	SLC6A1	0.405
0.28	99	SLC6A1	0.423
0.88	100	SLC6A1	0.298
1.48	101	SLC6A1	0.295
-0.01	102	SLC6A1	0.294
-0.31	103	SLC6A1	0.213
0.58	104	SLC6A1	0.212
1.48	105	SLC6A1	0.202
1.48	106	SLC6A1	0.253
0.88	107	SLC6A1	0.207
-0.91	108	SLC6A1	0.208
-0.31	109	SLC6A1	0.198
-0.91	110	SLC6A1	0.208
1.48	111	SLC6A1	0.208
-0.01	112	SLC6A1	0.198
0.28	113	SLC6A1	0.198
0.28	114	SLC6A1	0.21
0.28	115	SLC6A1	0.316
1.48	116	SLC6A1	0.315
-0.01	117	SLC6A1	0.305
0.28	118	SLC6A1	0.323
-0.31	119	SLC6A1	0.222
1.48	120	SLC6A1	0.218
-0.01	121	SLC6A1	0.208
0.58	122	SLC6A1	0.208
-0.61	123	SLC6A1	0.208
1.48	124	SLC6A1	0.197
0.28	125	SLC6A1	0.205
1.48	126	SLC6A1	0.261
-0.31	127	SLC6A1	0.342
0.28	128	SLC6A1	0.324
-0.31	129	SLC6A1	0.337
-0.31	130	SLC6A1	0.337
0.58	131	SLC6A1	0.35
0.88	132	SLC6A1	0.355
-0.91	133	SLC6A1	0.376
-0.61	134	SLC6A1	0.393
-0.31	135	SLC6A1	0.39
0.58	136	SLC6A1	0.417
0.28	137	SLC6A1	0.358
-0.61	138	SLC6A1	0.336
0.88	139	SLC6A1	0.339
1.48	140	SLC6A1	0.419
-0.01	141	SLC6A1	0.447
-0.01	142	SLC6A1	0.494
0.88	143	SLC6A1	0.537
0.88	144	SLC6A1	0.568
0.28	145	SLC6A1	0.552
0.28	146	SLC6A1	0.466
-0.01	147	SLC6A1	0.462
-0.31	148	SLC6A1	0.48
0.28	149	SLC6A1	0.45
1.48	150	SLC6A1	0.527
0.58	151	SLC6A1	0.505
-0.61	152	SLC6A1	0.558
-0.61	153	SLC6A1	0.582
0.28	154	SLC6A1	0.579
0.58	155	SLC6A1	0.612
-0.01	156	SLC6A1	0.61
-1.51	157	SLC6A1	0.675
-0.61	158	SLC6A1	0.638
1.48	159	SLC6A1	0.699
1.48	160	SLC6A1	0.73
1.48	161	SLC6A1	0.747
-1.21	162	SLC6A1	0.751
-1.21	163	SLC6A1	0.766
1.48	164	SLC6A1	0.815
-1.81	165	SLC6A1	0.869
-0.61	166	SLC6A1	0.895
-1.21	167	SLC6A1	0.873
1.48	168	SLC6A1	0.88
0.88	169	SLC6A1	0.91
0.28	170	SLC6A1	0.909
-1.51	171	SLC6A1	0.876
-1.21	172	SLC6A1	0.855
1.48	173	SLC6A1	0.855
-1.21	174	SLC6A1	0.872
-0.91	175	SLC6A1	0.868
-0.91	176	SLC6A1	0.918
-0.61	177	SLC6A1	0.92
-1.21	178	SLC6A1	0.917
-1.51	179	SLC6A1	0.88
-0.61	180	SLC6A1	0.913
0.28	181	SLC6A1	0.888
-1.51	182	SLC6A1	0.944
-0.91	183	SLC6A1	0.924
-1.51	184	SLC6A1	0.928
-1.81	185	SLC6A1	0.924
-0.91	186	SLC6A1	0.888
-0.31	187	SLC6A1	0.868
0.28	188	SLC6A1	0.841
-0.01	189	SLC6A1	0.852
-0.91	190	SLC6A1	0.837
0.58	191	SLC6A1	0.814
0.88	192	SLC6A1	0.776
0.88	193	SLC6A1	0.781
-0.61	194	SLC6A1	0.764
-0.91	195	SLC6A1	0.679
-1.21	196	SLC6A1	0.679
0.28	197	SLC6A1	0.625
-0.31	198	SLC6A1	0.595
-0.91	199	SLC6A1	0.598
-0.31	200	SLC6A1	0.604
0.88	201	SLC6A1	0.609
-1.51	202	SLC6A1	0.586
-0.31	203	SLC6A1	0.621
0.88	204	SLC6A1	0.618
-1.21	205	SLC6A1	0.646
-1.51	206	SLC6A1	0.692
-0.61	207	SLC6A1	0.69
1.48	208	SLC6A1	0.714
-1.21	209	SLC6A1	0.722
-0.01	210	SLC6A1	0.728
-0.91	211	SLC6A1	0.706
0.28	212	SLC6A1	0.706
-0.91	213	SLC6A1	0.633
0.88	214	SLC6A1	0.636
-0.31	215	SLC6A1	0.634
0.28	216	SLC6A1	0.613
0.58	217	SLC6A1	0.638
1.18	218	SLC6A1	0.642
-0.01	219	SLC6A1	0.671
0.28	220	SLC6A1	0.659
-0.31	221	SLC6A1	0.666
-0.01	222	SLC6A1	0.611
-0.01	223	SLC6A1	0.635
0.88	224	SLC6A1	0.635
0.58	225	SLC6A1	0.673
-0.01	226	SLC6A1	0.703
-0.01	227	SLC6A1	0.664
0.28	228	SLC6A1	0.674
0.88	229	SLC6A1	0.706
-0.31	230	SLC6A1	0.703
0.88	231	SLC6A1	0.753
1.48	232	SLC6A1	0.698
-0.01	233	SLC6A1	0.731
-0.61	234	SLC6A1	0.689
-0.01	235	SLC6A1	0.678
0.88	236	SLC6A1	0.616
1.48	237	SLC6A1	0.488
1.48	238	SLC6A1	0.54
0.88	239	SLC6A1	0.497
1.48	240	SLC6A1	0.54
1.18	241	SLC6A1	0.568
0.28	242	SLC6A1	0.654
0.88	243	SLC6A1	0.662
1.48	244	SLC6A1	0.707
-0.01	245	SLC6A1	0.706
0.28	246	SLC6A1	0.65
1.48	247	SLC6A1	0.689
0.88	248	SLC6A1	0.632
-0.01	249	SLC6A1	0.632
0.58	250	SLC6A1	0.569
1.48	251	SLC6A1	0.548
-0.61	252	SLC6A1	0.527
0.28	253	SLC6A1	0.545
1.48	254	SLC6A1	0.529
0.58	255	SLC6A1	0.523
0.28	256	SLC6A1	0.486
0.58	257	SLC6A1	0.487
1.48	258	SLC6A1	0.513
0.28	259	SLC6A1	0.511
-0.01	260	SLC6A1	0.54
1.48	261	SLC6A1	0.514
-0.31	262	SLC6A1	0.604
1.48	263	SLC6A1	0.62
1.48	264	SLC6A1	0.606
-1.21	265	SLC6A1	0.656
-0.91	266	SLC6A1	0.637
1.48	267	SLC6A1	0.634
0.88	268	SLC6A1	0.677
-1.21	269	SLC6A1	0.68
-0.01	270	SLC6A1	0.668
0.88	271	SLC6A1	0.655
1.18	272	SLC6A1	0.655
-0.61	273	SLC6A1	0.543
-0.61	274	SLC6A1	0.542
-0.31	275	SLC6A1	0.542
0.28	276	SLC6A1	0.528
-1.21	277	SLC6A1	0.542
0.58	278	SLC6A1	0.537
1.18	279	SLC6A1	0.552
-1.51	280	SLC6A1	0.514
-0.01	281	SLC6A1	0.514
-0.01	282	SLC6A1	0.501
-0.91	283	SLC6A1	0.521
1.48	284	SLC6A1	0.524
1.48	285	SLC6A1	0.546
-0.61	286	SLC6A1	0.513
0.88	287	SLC6A1	0.5
1.48	288	SLC6A1	0.489
1.18	289	SLC6A1	0.457
-0.31	290	SLC6A1	0.443
1.48	291	SLC6A1	0.407
0.88	292	SLC6A1	0.424
0.58	293	SLC6A1	0.247
0.88	294	SLC6A1	0.248
1.48	295	SLC6A1	0.303
0.28	296	SLC6A1	0.377
0.58	297	SLC6A1	0.39
-0.31	298	SLC6A1	0.401
0.88	299	SLC6A1	0.434
-0.01	300	SLC6A1	0.415
1.48	301	SLC6A1	0.42
-0.01	302	SLC6A1	0.446
0.88	303	SLC6A1	0.448
-0.01	304	SLC6A1	0.523
0.28	305	SLC6A1	0.505
0.58	306	SLC6A1	0.512
0.58	307	SLC6A1	0.523
1.48	308	SLC6A1	0.566
1.48	309	SLC6A1	0.561
1.48	310	SLC6A1	0.58
-0.31	311	SLC6A1	0.617
0.88	312	SLC6A1	0.638
-0.61	313	SLC6A1	0.663
0.28	314	SLC6A1	0.633
1.48	315	SLC6A1	0.633
-0.31	316	SLC6A1	0.605
0.88	317	SLC6A1	0.694
-0.31	318	SLC6A1	0.688
1.48	319	SLC6A1	0.701
0.28	320	SLC6A1	0.71
0.28	321	SLC6A1	0.703
0.28	322	SLC6A1	0.742
-0.01	323	SLC6A1	0.739
0.28	324	SLC6A1	0.739
-0.61	325	SLC6A1	0.744
-0.31	326	SLC6A1	0.725
1.48	327	SLC6A1	0.672
0.28	328	SLC6A1	0.656
0.28	329	SLC6A1	0.636
1.48	330	SLC6A1	0.59
1.48	331	SLC6A1	0.596
0.28	332	SLC6A1	0.593
-0.61	333	SLC6A1	0.558
0.58	334	SLC6A1	0.543
1.48	335	SLC6A1	0.528
1.48	336	SLC6A1	0.563
0.58	337	SLC6A1	0.565
0.88	338	SLC6A1	0.583
1.48	339	SLC6A1	0.583
0.88	340	SLC6A1	0.582
0.28	341	SLC6A1	0.587
0.88	342	SLC6A1	0.572
1.48	343	SLC6A1	0.578
0.28	344	SLC6A1	0.568
1.48	345	SLC6A1	0.593
0.58	346	SLC6A1	0.573
-1.21	347	SLC6A1	0.598
-1.21	348	SLC6A1	0.504
-1.21	349	SLC6A1	0.509
-0.61	350	SLC6A1	0.49
-0.91	351	SLC6A1	0.512
-1.51	352	SLC6A1	0.518
0.88	353	SLC6A1	0.477
-0.61	354	SLC6A1	0.479
-0.31	355	SLC6A1	0.517
1.48	356	SLC6A1	0.496
0.58	357	SLC6A1	0.462
-0.91	358	SLC6A1	0.462
-1.21	359	SLC6A1	0.478
1.48	360	SLC6A1	0.546
-0.31	361	SLC6A1	0.531
-0.31	362	SLC6A1	0.551
1.18	363	SLC6A1	0.543
0.28	364	SLC6A1	0.543
1.48	365	SLC6A1	0.543
0.88	366	SLC6A1	0.523
-0.31	367	SLC6A1	0.475
0.88	368	SLC6A1	0.443
0.28	369	SLC6A1	0.336
-0.01	370	SLC6A1	0.265
1.48	371	SLC6A1	0.265
0.58	372	SLC6A1	0.249
-0.01	373	SLC6A1	0.261
-0.61	374	SLC6A1	0.262
0.88	375	SLC6A1	0.385
0.28	376	SLC6A1	0.38
-0.01	377	SLC6A1	0.434
-0.01	378	SLC6A1	0.481
-0.01	379	SLC6A1	0.476
-0.01	380	SLC6A1	0.539
0.88	381	SLC6A1	0.539
0.58	382	SLC6A1	0.604
-0.61	383	SLC6A1	0.598
0.58	384	SLC6A1	0.597
1.48	385	SLC6A1	0.597
1.48	386	SLC6A1	0.568
-0.61	387	SLC6A1	0.591
1.48	388	SLC6A1	0.622
0.88	389	SLC6A1	0.616
0.88	390	SLC6A1	0.653
-0.61	391	SLC6A1	0.616
1.48	392	SLC6A1	0.65
1.48	393	SLC6A1	0.583
1.18	394	SLC6A1	0.622
-0.31	395	SLC6A1	0.684
0.88	396	SLC6A1	0.678
-0.01	397	SLC6A1	0.648
0.88	398	SLC6A1	0.678
0.58	399	SLC6A1	0.678
-1.21	400	SLC6A1	0.74
0.58	401	SLC6A1	0.773
1.48	402	SLC6A1	0.825
0.28	403	SLC6A1	0.905
-0.31	404	SLC6A1	0.961
-0.01	405	SLC6A1	0.953
1.48	406	SLC6A1	0.921
0.28	407	SLC6A1	0.901
-0.31	408	SLC6A1	0.906
-0.31	409	SLC6A1	0.902
1.48	410	SLC6A1	0.906
-0.61	411	SLC6A1	0.915
-0.01	412	SLC6A1	0.906
-0.31	413	SLC6A1	0.873
-1.21	414	SLC6A1	0.929
-1.21	415	SLC6A1	0.932
-0.31	416	SLC6A1	0.932
-1.21	417	SLC6A1	0.941
-1.81	418	SLC6A1	0.954
-0.31	419	SLC6A1	0.944
0.88	420	SLC6A1	0.923
-1.51	421	SLC6A1	0.912
-1.21	422	SLC6A1	0.912
-0.61	423	SLC6A1	0.903
-0.31	424	SLC6A1	0.894
-0.01	425	SLC6A1	0.85
-0.61	426	SLC6A1	0.834
0.58	427	SLC6A1	0.858
-0.01	428	SLC6A1	0.894
-0.61	429	SLC6A1	0.873
-0.31	430	SLC6A1	0.841
-0.61	431	SLC6A1	0.853
0.88	432	SLC6A1	0.826
0.28	433	SLC6A1	0.818
0.28	434	SLC6A1	0.759
-0.31	435	SLC6A1	0.697
0.58	436	SLC6A1	0.692
-0.91	437	SLC6A1	0.728
-0.01	438	SLC6A1	0.761
-0.01	439	SLC6A1	0.768
0.88	440	SLC6A1	0.741
-0.91	441	SLC6A1	0.777
1.18	442	SLC6A1	0.743
1.48	443	SLC6A1	0.781
0.28	444	SLC6A1	0.78
1.48	445	SLC6A1	0.75
-0.01	446	SLC6A1	0.663
0.28	447	SLC6A1	0.656
-0.91	448	SLC6A1	0.578
1.48	449	SLC6A1	0.585
0.28	450	SLC6A1	0.524
0.88	451	SLC6A1	0.556
-0.91	452	SLC6A1	0.551
0.88	453	SLC6A1	0.546
0.28	454	SLC6A1	0.515
0.28	455	SLC6A1	0.604
-1.81	456	SLC6A1	0.644
0.58	457	SLC6A1	0.649
-0.61	458	SLC6A1	0.641
0.28	459	SLC6A1	0.635
0.88	460	SLC6A1	0.591
0.58	461	SLC6A1	0.681
-0.31	462	SLC6A1	0.681
-0.31	463	SLC6A1	0.718
-0.01	464	SLC6A1	0.609
0.28	465	SLC6A1	0.641
-0.31	466	SLC6A1	0.643
-0.31	467	SLC6A1	0.643
-0.31	468	SLC6A1	0.675
0.28	469	SLC6A1	0.643
-0.01	470	SLC6A1	0.637
0.88	471	SLC6A1	0.662
-0.31	472	SLC6A1	0.659
-0.01	473	SLC6A1	0.686
0.28	474	SLC6A1	0.669
1.48	475	SLC6A1	0.676
1.48	476	SLC6A1	0.669
-1.21	477	SLC6A1	0.763
-0.91	478	SLC6A1	0.764
0.28	479	SLC6A1	0.8
0.28	480	SLC6A1	0.81
-0.61	481	SLC6A1	0.807
-0.01	482	SLC6A1	0.833
-0.31	483	SLC6A1	0.84
-0.01	484	SLC6A1	0.84
-1.21	485	SLC6A1	0.878
-0.31	486	SLC6A1	0.855
1.48	487	SLC6A1	0.929
-0.01	488	SLC6A1	0.92
1.48	489	SLC6A1	0.931
-0.31	490	SLC6A1	0.885
-0.91	491	SLC6A1	0.961
-0.31	492	SLC6A1	0.938
-0.61	493	SLC6A1	0.938
-0.91	494	SLC6A1	0.842
0.28	495	SLC6A1	0.887
-0.01	496	SLC6A1	0.82
0.28	497	SLC6A1	0.791
-0.31	498	SLC6A1	0.795
0.28	499	SLC6A1	0.763
1.48	500	SLC6A1	0.759
-1.21	501	SLC6A1	0.766
-0.01	502	SLC6A1	0.735
0.28	503	SLC6A1	0.74
0.88	504	SLC6A1	0.729
1.48	505	SLC6A1	0.717
-0.31	506	SLC6A1	0.708
-0.31	507	SLC6A1	0.712
0.58	508	SLC6A1	0.678
-0.61	509	SLC6A1	0.674
0.28	510	SLC6A1	0.678
-0.01	511	SLC6A1	0.68
0.28	512	SLC6A1	0.683
0.58	513	SLC6A1	0.651
-0.61	514	SLC6A1	0.645
-0.31	515	SLC6A1	0.65
-0.01	516	SLC6A1	0.691
-0.61	517	SLC6A1	0.682
-0.61	518	SLC6A1	0.569
-0.31	519	SLC6A1	0.57
-1.51	520	SLC6A1	0.579
-0.31	521	SLC6A1	0.613
-0.61	522	SLC6A1	0.573
-1.21	523	SLC6A1	0.569
0.28	524	SLC6A1	0.571
-0.91	525	SLC6A1	0.594
-1.21	526	SLC6A1	0.585
0.28	527	SLC6A1	0.588
-0.91	528	SLC6A1	0.594
0.88	529	SLC6A1	0.547
1.48	530	SLC6A1	0.544
-1.51	531	SLC6A1	0.659
1.48	532	SLC6A1	0.703
0.58	533	SLC6A1	0.656
-0.91	534	SLC6A1	0.588
-0.61	535	SLC6A1	0.522
0.58	536	SLC6A1	0.471
1.48	537	SLC6A1	0.541
0.28	538	SLC6A1	0.584
-0.61	539	SLC6A1	0.58
0.58	540	SLC6A1	0.618
0.28	541	SLC6A1	0.611
-0.31	542	SLC6A1	0.617
-0.61	543	SLC6A1	0.656
0.28	544	SLC6A1	0.654
0.28	545	SLC6A1	0.655
0.28	546	SLC6A1	0.624
-0.01	547	SLC6A1	0.595
0.88	548	SLC6A1	0.605
1.48	549	SLC6A1	0.6
-0.31	550	SLC6A1	0.6
-0.91	551	SLC6A1	0.6
-0.61	552	SLC6A1	0.597
0.28	553	SLC6A1	0.592
-0.31	554	SLC6A1	0.634
-0.61	555	SLC6A1	0.622
0.28	556	SLC6A1	0.718
-0.91	557	SLC6A1	0.736
-0.91	558	SLC6A1	0.805
-0.91	559	SLC6A1	0.82
-0.91	560	SLC6A1	0.856
1.48	561	SLC6A1	0.874
-0.61	562	SLC6A1	0.856
0.58	563	SLC6A1	0.87
-1.51	564	SLC6A1	0.927
-0.91	565	SLC6A1	0.967
0.88	566	SLC6A1	0.99
-0.01	567	SLC6A1	1.021
-0.91	568	SLC6A1	1.017
-1.21	569	SLC6A1	0.971
-0.31	570	SLC6A1	0.97
-0.31	571	SLC6A1	0.964
-0.61	572	SLC6A1	0.985
1.48	573	SLC6A1	0.977
-1.21	574	SLC6A1	0.912
-1.81	575	SLC6A1	0.914
-1.81	576	SLC6A1	0.926
-1.81	577	SLC6A1	0.978
-1.51	578	SLC6A1	0.978
-1.51	579	SLC6A1	0.974
-1.51	580	SLC6A1	0.974
-1.21	581	SLC6A1	0.955
-1.21	582	SLC6A1	0.929
-1.81	583	SLC6A1	0.936
-0.91	584	SLC6A1	0.948
-1.21	585	SLC6A1	0.935
-1.21	586	SLC6A1	0.944
-1.21	587	SLC6A1	0.909
-1.51	588	SLC6A1	0.901
-0.91	589	SLC6A1	0.871
-0.61	590	SLC6A1	0.862
-1.81	591	SLC6A1	0.85
-1.81	592	SLC6A1	0.838
-1.81	593	SLC6A1	0.855
-1.81	594	SLC6A1	0.806
-1.81	595	SLC6A1	0.749
-1.81	596	SLC6A1	0.755
-1.81	597	SLC6A1	0.76
-1.81	598	SLC6A1	0.767
-1.51	599	SLC6A1	0.76
