AA_pos	spec_aln_pos	pscount	gscount	Gene	in_ps	in_gs	out_ps	out_gs	pvalue	odds	selected_pos	per
1	1	0	0	SLC6A1	0	3	141	155	0.24991582680523444	0	1	neutral
2	2	0	1	SLC6A1	0	5	141	153	0.24991582680523444	0	0	neutral
3	3	0	0	SLC6A1	0	5	141	153	0.24991582680523444	0	0	neutral
4	4	0	0	SLC6A1	0	5	141	153	0.24991582680523444	0	0	neutral
5	5	0	2	SLC6A1	0	5	141	153	0.06242322422655073	0	1	neutral
6	6	0	2	SLC6A1	0	6	141	152	0.06242322422655073	0	0	neutral
7	7	0	0	SLC6A1	1	6	140	152	0.06242322422655073	0	0	neutral
8	8	0	0	SLC6A1	1	6	140	152	0.06242322422655073	0	0	neutral
9	9	0	0	SLC6A1	1	7	140	151	0.06242322422655073	0	0	neutral
10	10	0	1	SLC6A1	1	5	140	153	0.21860202939419324	0.21949936873118855	1	neutral
11	11	1	1	SLC6A1	1	3	140	155	0.21860202939419324	0.21949936873118855	0	neutral
12	12	0	0	SLC6A1	1	4	140	154	0.21860202939419324	0.21949936873118855	0	neutral
13	13	0	1	SLC6A1	1	4	140	154	0.21860202939419324	0.21949936873118855	0	neutral
14	14	0	0	SLC6A1	1	6	140	152	0.21860202939419324	0.21949936873118855	0	neutral
15	15	0	0	SLC6A1	2	7	139	151	0.17948703526289242	0.31148825876017716	1	neutral
16	16	0	1	SLC6A1	1	6	140	152	0.17948703526289242	0.31148825876017716	0	neutral
17	17	0	0	SLC6A1	1	7	140	151	0.17948703526289242	0.31148825876017716	0	neutral
18	18	0	2	SLC6A1	1	6	140	152	0.17948703526289242	0.31148825876017716	0	neutral
19	19	1	2	SLC6A1	1	6	140	152	0.17948703526289242	0.31148825876017716	0	neutral
20	20	0	0	SLC6A1	1	6	140	152	0.12485243641861334	0.1817829127716389	1	neutral
21	21	0	1	SLC6A1	1	6	140	152	0.12485243641861334	0.1817829127716389	0	neutral
22	22	0	0	SLC6A1	1	6	140	152	0.12485243641861334	0.1817829127716389	0	neutral
23	23	0	0	SLC6A1	1	5	140	153	0.12485243641861334	0.1817829127716389	0	neutral
24	24	0	0	SLC6A1	0	3	141	155	0.12485243641861334	0.1817829127716389	0	neutral
25	25	0	1	SLC6A1	0	3	141	155	0.24991582680523444	0	1	neutral
26	26	0	0	SLC6A1	0	3	141	155	0.24991582680523444	0	0	neutral
27	27	0	1	SLC6A1	0	3	141	155	0.24991582680523444	0	0	neutral
28	28	0	0	SLC6A1	0	3	141	155	0.24991582680523444	0	0	neutral
29	29	0	0	SLC6A1	1	4	140	154	0.24991582680523444	0	0	neutral
30	30	0	1	SLC6A1	1	5	140	153	0.21860202939419324	0.21949936873118855	1	neutral
31	31	0	0	SLC6A1	1	5	140	153	0.21860202939419324	0.21949936873118855	0	neutral
32	32	0	0	SLC6A1	2	4	139	154	0.21860202939419324	0.21949936873118855	0	neutral
33	33	1	1	SLC6A1	2	4	139	154	0.21860202939419324	0.21949936873118855	0	neutral
34	34	0	2	SLC6A1	2	4	139	154	0.21860202939419324	0.21949936873118855	0	neutral
35	35	0	0	SLC6A1	2	3	139	155	1	0.7441337632483517	1	neutral
36	36	1	0	SLC6A1	2	4	139	154	1	0.7441337632483517	0	neutral
37	37	0	0	SLC6A1	2	4	139	154	1	0.7441337632483517	0	neutral
38	38	0	0	SLC6A1	1	3	140	155	1	0.7441337632483517	0	neutral
39	39	0	0	SLC6A1	1	4	140	154	1	0.7441337632483517	0	neutral
40	40	0	1	SLC6A1	3	4	138	154	1	0.8374520757626032	1	neutral
41	41	0	0	SLC6A1	2	4	139	154	1	0.8374520757626032	0	neutral
42	42	0	0	SLC6A1	2	4	139	154	1	0.8374520757626032	0	neutral
43	43	0	3	SLC6A1	2	4	139	154	1	0.8374520757626032	0	neutral
44	44	2	0	SLC6A1	2	5	139	153	1	0.8374520757626032	0	neutral
45	45	0	0	SLC6A1	2	4	139	154	0.6874148639046532	0.5550103433442054	1	neutral
46	46	0	0	SLC6A1	2	6	139	152	0.6874148639046532	0.5550103433442054	0	neutral
47	47	0	0	SLC6A1	2	6	139	152	0.6874148639046532	0.5550103433442054	0	neutral
48	48	0	1	SLC6A1	3	3	138	155	0.6874148639046532	0.5550103433442054	0	neutral
49	49	0	0	SLC6A1	1	3	140	155	0.6874148639046532	0.5550103433442054	0	neutral
50	50	0	2	SLC6A1	2	4	139	154	0.6874148639046532	0.5550103433442054	1	neutral
51	51	0	0	SLC6A1	2	4	139	154	0.6874148639046532	0.5550103433442054	0	neutral
52	52	1	0	SLC6A1	2	4	139	154	0.6874148639046532	0.5550103433442054	0	neutral
53	53	0	0	SLC6A1	2	3	139	155	0.6874148639046532	0.5550103433442054	0	neutral
54	54	1	1	SLC6A1	2	3	139	155	0.6874148639046532	0.5550103433442054	0	neutral
55	55	0	0	SLC6A1	2	1	139	157	0.6034908579408144	2.253030851753093	1	neutral
56	56	0	0	SLC6A1	2	1	139	157	0.6034908579408144	2.253030851753093	0	neutral
57	57	0	0	SLC6A1	1	1	140	157	0.6034908579408144	2.253030851753093	0	neutral
58	58	0	0	SLC6A1	1	1	140	157	0.6034908579408144	2.253030851753093	0	neutral
59	59	0	0	SLC6A1	0	0	141	158	0.6034908579408144	2.253030851753093	0	neutral
60	60	0	0	SLC6A1	0	0	141	158	1	0	1	neutral
61	61	0	0	SLC6A1	0	0	141	158	1	0	0	neutral
62	62	0	0	SLC6A1	0	0	141	158	1	0	0	neutral
63	63	0	0	SLC6A1	1	0	140	158	1	0	0	neutral
64	64	0	0	SLC6A1	1	0	140	158	1	0	0	neutral
65	65	0	0	SLC6A1	1	0	140	158	0.4715719063545152	11.909756170777925	1	neutral
66	66	0	0	SLC6A1	1	0	140	158	0.4715719063545152	11.909756170777925	0	neutral
67	67	1	0	SLC6A1	1	0	140	158	0.4715719063545152	11.909756170777925	0	neutral
68	68	0	0	SLC6A1	1	0	140	158	0.4715719063545152	11.909756170777925	0	neutral
69	69	0	0	SLC6A1	1	0	140	158	0.4715719063545152	11.909756170777925	0	neutral
70	70	0	0	SLC6A1	1	0	140	158	0.4715719063545152	11.909756170777925	1	neutral
71	71	0	0	SLC6A1	5	0	136	158	0.4715719063545152	11.909756170777925	0	neutral
72	72	0	0	SLC6A1	5	1	136	157	0.4715719063545152	11.909756170777925	0	neutral
73	73	0	0	SLC6A1	5	2	136	156	0.4715719063545152	11.909756170777925	0	neutral
74	74	0	0	SLC6A1	5	2	136	156	0.4715719063545152	11.909756170777925	0	neutral
75	75	4	0	SLC6A1	6	2	135	156	0.15448401778339743	3.453277651458907	1	neutral
76	76	1	1	SLC6A1	6	2	135	156	0.15448401778339743	3.453277651458907	0	neutral
77	77	0	1	SLC6A1	6	2	135	156	0.15448401778339743	3.453277651458907	0	neutral
78	78	0	0	SLC6A1	6	2	135	156	0.15448401778339743	3.453277651458907	0	neutral
79	79	1	0	SLC6A1	6	2	135	156	0.15448401778339743	3.453277651458907	0	neutral
80	80	0	0	SLC6A1	2	3	139	155	1	0.7441337632483517	1	neutral
81	81	0	0	SLC6A1	1	2	140	156	1	0.7441337632483517	0	neutral
82	82	0	0	SLC6A1	1	1	140	157	1	0.7441337632483517	0	neutral
83	83	0	0	SLC6A1	1	2	140	156	1	0.7441337632483517	0	neutral
84	84	0	1	SLC6A1	0	2	141	156	1	0.7441337632483517	0	neutral
85	85	0	0	SLC6A1	0	2	141	156	0.4999438845368231	0	1	neutral
86	86	0	0	SLC6A1	0	2	141	156	0.4999438845368231	0	0	neutral
87	87	0	1	SLC6A1	0	3	141	155	0.4999438845368231	0	0	neutral
88	88	0	0	SLC6A1	0	3	141	155	0.4999438845368231	0	0	neutral
89	89	0	0	SLC6A1	1	2	140	156	0.4999438845368231	0	0	neutral
90	90	0	0	SLC6A1	2	2	139	156	1	1.1218673695122552	1	neutral
91	91	0	1	SLC6A1	3	2	138	156	1	1.1218673695122552	0	neutral
92	92	0	0	SLC6A1	4	1	137	157	1	1.1218673695122552	0	neutral
93	93	1	0	SLC6A1	4	1	137	157	1	1.1218673695122552	0	neutral
94	94	1	0	SLC6A1	4	1	137	157	1	1.1218673695122552	0	neutral
95	95	1	0	SLC6A1	4	1	137	157	0.19187574077951086	4.562690048516358	1	neutral
96	96	1	0	SLC6A1	4	0	137	158	0.19187574077951086	4.562690048516358	0	neutral
97	97	0	0	SLC6A1	5	0	136	158	0.19187574077951086	4.562690048516358	0	neutral
98	98	0	0	SLC6A1	4	0	137	158	0.19187574077951086	4.562690048516358	0	neutral
99	99	0	0	SLC6A1	3	0	138	158	0.19187574077951086	4.562690048516358	0	neutral
100	100	0	0	SLC6A1	2	0	139	158	0.2215438486229266	11.909756170777925	1	neutral
101	101	1	0	SLC6A1	1	0	140	158	0.2215438486229266	11.909756170777925	0	neutral
102	102	0	0	SLC6A1	2	0	139	158	0.2215438486229266	11.909756170777925	0	neutral
103	103	0	0	SLC6A1	2	0	139	158	0.2215438486229266	11.909756170777925	0	neutral
104	104	0	0	SLC6A1	2	0	139	158	0.2215438486229266	11.909756170777925	0	neutral
105	105	0	0	SLC6A1	2	0	139	158	0.2215438486229266	11.909756170777925	1	neutral
106	106	1	0	SLC6A1	2	0	139	158	0.2215438486229266	11.909756170777925	0	PER
107	107	0	0	SLC6A1	5	0	136	158	0.2215438486229266	11.909756170777925	0	PER
108	108	0	0	SLC6A1	5	0	136	158	0.2215438486229266	11.909756170777925	0	PER
109	109	0	0	SLC6A1	5	0	136	158	0.2215438486229266	11.909756170777925	0	PER
110	110	1	0	SLC6A1	6	0	135	158	0.010384738174523171	11.909756170777925	1	PER
111	111	3	0	SLC6A1	5	0	136	158	0.010384738174523171	11.909756170777925	0	PER
112	112	0	0	SLC6A1	5	0	136	158	0.010384738174523171	11.909756170777925	0	PER
113	113	0	0	SLC6A1	5	0	136	158	0.010384738174523171	11.909756170777925	0	PER
114	114	1	0	SLC6A1	5	0	136	158	0.010384738174523171	11.909756170777925	0	PER
115	115	0	0	SLC6A1	4	0	137	158	0.04833986377610543	11.909756170777925	1	PER
116	116	0	0	SLC6A1	1	0	140	158	0.04833986377610543	11.909756170777925	0	PER
117	117	0	0	SLC6A1	1	0	140	158	0.04833986377610543	11.909756170777925	0	PER
118	118	0	0	SLC6A1	2	0	139	158	0.04833986377610543	11.909756170777925	0	PER
119	119	0	0	SLC6A1	1	0	140	158	0.04833986377610543	11.909756170777925	0	PER
120	120	0	0	SLC6A1	1	0	140	158	0.4715719063545152	11.909756170777925	1	neutral
121	121	0	0	SLC6A1	1	0	140	158	0.4715719063545152	11.909756170777925	0	neutral
122	122	1	0	SLC6A1	1	0	140	158	0.4715719063545152	11.909756170777925	0	neutral
123	123	0	0	SLC6A1	1	0	140	158	0.4715719063545152	11.909756170777925	0	neutral
124	124	0	0	SLC6A1	1	0	140	158	0.4715719063545152	11.909756170777925	0	neutral
125	125	0	0	SLC6A1	1	0	140	158	0.4715719063545152	11.909756170777925	1	neutral
126	126	0	0	SLC6A1	1	1	140	157	0.4715719063545152	11.909756170777925	0	neutral
127	127	0	0	SLC6A1	0	1	141	157	0.4715719063545152	11.909756170777925	0	neutral
128	128	0	0	SLC6A1	0	1	141	157	0.4715719063545152	11.909756170777925	0	neutral
129	129	0	0	SLC6A1	0	1	141	157	0.4715719063545152	11.909756170777925	0	neutral
130	130	0	1	SLC6A1	0	1	141	157	1	0	1	neutral
131	131	0	0	SLC6A1	0	1	141	157	1	0	0	neutral
132	132	0	0	SLC6A1	0	1	141	157	1	0	0	neutral
133	133	0	0	SLC6A1	0	1	141	157	1	0	0	neutral
134	134	0	0	SLC6A1	0	1	141	157	1	0	0	neutral
135	135	0	0	SLC6A1	1	0	140	158	0.4715719063545152	11.909756170777925	1	neutral
136	136	0	0	SLC6A1	2	0	139	158	0.4715719063545152	11.909756170777925	0	neutral
137	137	0	0	SLC6A1	2	0	139	158	0.4715719063545152	11.909756170777925	0	neutral
138	138	0	0	SLC6A1	2	1	139	157	0.4715719063545152	11.909756170777925	0	neutral
139	139	1	0	SLC6A1	2	1	139	157	0.4715719063545152	11.909756170777925	0	neutral
140	140	1	0	SLC6A1	2	1	139	157	0.6034908579408144	2.253030851753093	1	neutral
141	141	0	0	SLC6A1	3	1	138	157	0.6034908579408144	2.253030851753093	0	neutral
142	142	0	1	SLC6A1	3	1	138	157	0.6034908579408144	2.253030851753093	0	neutral
143	143	0	0	SLC6A1	3	1	138	157	0.6034908579408144	2.253030851753093	0	neutral
144	144	0	0	SLC6A1	2	1	139	157	0.6034908579408144	2.253030851753093	0	neutral
145	145	1	0	SLC6A1	1	1	140	157	1	1.1209970801889304	1	neutral
146	146	0	0	SLC6A1	1	1	140	157	1	1.1209970801889304	0	neutral
147	147	0	0	SLC6A1	1	0	140	158	1	1.1209970801889304	0	neutral
148	148	0	0	SLC6A1	2	0	139	158	1	1.1209970801889304	0	neutral
149	149	0	0	SLC6A1	2	0	139	158	1	1.1209970801889304	0	neutral
150	150	0	0	SLC6A1	1	0	140	158	0.4715719063545152	11.909756170777925	1	neutral
151	151	0	0	SLC6A1	1	0	140	158	0.4715719063545152	11.909756170777925	0	neutral
152	152	1	0	SLC6A1	1	1	140	157	0.4715719063545152	11.909756170777925	0	neutral
153	153	0	0	SLC6A1	1	2	140	156	0.4715719063545152	11.909756170777925	0	neutral
154	154	0	0	SLC6A1	1	3	140	155	0.4715719063545152	11.909756170777925	0	neutral
155	155	0	0	SLC6A1	1	3	140	155	0.624923784538608	0.3701858220004134	1	neutral
156	156	0	1	SLC6A1	1	3	140	155	0.624923784538608	0.3701858220004134	0	neutral
157	157	0	1	SLC6A1	0	3	141	155	0.624923784538608	0.3701858220004134	0	neutral
158	158	0	1	SLC6A1	0	3	141	155	0.624923784538608	0.3701858220004134	0	neutral
159	159	0	0	SLC6A1	0	3	141	155	0.624923784538608	0.3701858220004134	0	neutral
160	160	0	0	SLC6A1	0	3	141	155	0.24991582680523444	0	1	neutral
161	161	0	0	SLC6A1	0	4	141	154	0.24991582680523444	0	0	neutral
162	162	0	0	SLC6A1	0	3	141	155	0.24991582680523444	0	0	neutral
163	163	0	0	SLC6A1	0	3	141	155	0.24991582680523444	0	0	neutral
164	164	0	0	SLC6A1	0	3	141	155	0.24991582680523444	0	0	neutral
165	165	0	2	SLC6A1	0	3	141	155	0.24991582680523444	0	1	neutral
166	166	0	0	SLC6A1	0	3	141	155	0.24991582680523444	0	0	neutral
167	167	0	1	SLC6A1	0	3	141	155	0.24991582680523444	0	0	neutral
168	168	0	0	SLC6A1	0	5	141	153	0.24991582680523444	0	0	neutral
169	169	0	0	SLC6A1	0	5	141	153	0.24991582680523444	0	0	neutral
170	170	0	0	SLC6A1	0	4	141	154	0.1249131742274433	0	1	neutral
171	171	0	0	SLC6A1	2	4	139	154	0.1249131742274433	0	0	neutral
172	172	0	2	SLC6A1	2	3	139	155	0.1249131742274433	0	0	neutral
173	173	0	0	SLC6A1	2	3	139	155	0.1249131742274433	0	0	neutral
174	174	0	1	SLC6A1	2	4	139	154	0.1249131742274433	0	0	neutral
175	175	2	0	SLC6A1	2	6	139	152	0.2888764878874789	0.3656560848134405	1	neutral
176	176	0	0	SLC6A1	2	6	139	152	0.2888764878874789	0.3656560848134405	0	neutral
177	177	0	0	SLC6A1	2	6	139	152	0.2888764878874789	0.3656560848134405	0	neutral
178	178	0	1	SLC6A1	2	7	139	151	0.2888764878874789	0.3656560848134405	0	neutral
179	179	0	2	SLC6A1	2	6	139	152	0.2888764878874789	0.3656560848134405	0	neutral
180	180	0	0	SLC6A1	0	6	141	152	0.031187463193022225	0	1	neutral
181	181	0	2	SLC6A1	0	6	141	152	0.031187463193022225	0	0	neutral
182	182	0	1	SLC6A1	0	6	141	152	0.031187463193022225	0	0	neutral
183	183	0	0	SLC6A1	0	5	141	153	0.031187463193022225	0	0	neutral
184	184	0	0	SLC6A1	0	3	141	155	0.031187463193022225	0	0	neutral
185	185	0	0	SLC6A1	0	3	141	155	0.24991582680523444	0	1	neutral
186	186	0	0	SLC6A1	0	1	141	157	0.24991582680523444	0	0	neutral
187	187	0	0	SLC6A1	0	0	141	158	0.24991582680523444	0	0	neutral
188	188	0	0	SLC6A1	0	0	141	158	0.24991582680523444	0	0	neutral
189	189	0	0	SLC6A1	1	0	140	158	0.24991582680523444	0	0	neutral
190	190	0	0	SLC6A1	1	0	140	158	0.4715719063545152	11.909756170777925	1	neutral
191	191	0	0	SLC6A1	3	2	138	156	0.4715719063545152	11.909756170777925	0	neutral
192	192	0	0	SLC6A1	3	2	138	156	0.4715719063545152	11.909756170777925	0	neutral
193	193	1	0	SLC6A1	3	3	138	155	0.4715719063545152	11.909756170777925	0	neutral
194	194	0	0	SLC6A1	5	3	136	155	0.4715719063545152	11.909756170777925	0	neutral
195	195	2	2	SLC6A1	5	3	136	155	0.48228497861229247	1.8954645041260179	1	neutral
196	196	0	0	SLC6A1	5	3	136	155	0.48228497861229247	1.8954645041260179	0	neutral
197	197	0	1	SLC6A1	5	3	136	155	0.48228497861229247	1.8954645041260179	0	neutral
198	198	2	0	SLC6A1	4	4	137	154	0.48228497861229247	1.8954645041260179	0	neutral
199	199	0	0	SLC6A1	4	4	137	154	0.48228497861229247	1.8954645041260179	0	neutral
200	200	0	0	SLC6A1	2	2	139	156	1	1.1218673695122552	1	neutral
201	201	0	0	SLC6A1	2	2	139	156	1	1.1218673695122552	0	neutral
202	202	0	1	SLC6A1	2	3	139	155	1	1.1218673695122552	0	neutral
203	203	0	0	SLC6A1	0	3	141	155	1	1.1218673695122552	0	neutral
204	204	0	0	SLC6A1	0	3	141	155	1	1.1218673695122552	0	neutral
205	205	0	0	SLC6A1	0	3	141	155	0.24991582680523444	0	1	neutral
206	206	0	2	SLC6A1	0	3	141	155	0.24991582680523444	0	0	neutral
207	207	0	0	SLC6A1	1	3	140	155	0.24991582680523444	0	0	neutral
208	208	0	0	SLC6A1	3	3	138	155	0.24991582680523444	0	0	neutral
209	209	0	0	SLC6A1	3	3	138	155	0.24991582680523444	0	0	neutral
210	210	0	0	SLC6A1	5	3	136	155	0.48228497861229247	1.8954645041260179	1	neutral
211	211	1	1	SLC6A1	5	1	136	157	0.48228497861229247	1.8954645041260179	0	neutral
212	212	2	0	SLC6A1	5	1	136	157	0.48228497861229247	1.8954645041260179	0	neutral
213	213	0	0	SLC6A1	5	1	136	157	0.48228497861229247	1.8954645041260179	0	neutral
214	214	2	0	SLC6A1	5	1	136	157	0.48228497861229247	1.8954645041260179	0	neutral
215	215	0	0	SLC6A1	5	1	136	157	0.10357519693896318	5.742809810940197	1	neutral
216	216	0	0	SLC6A1	4	3	137	155	0.10357519693896318	5.742809810940197	0	neutral
217	217	0	0	SLC6A1	2	5	139	153	0.10357519693896318	5.742809810940197	0	neutral
218	218	0	0	SLC6A1	3	5	138	153	0.10357519693896318	5.742809810940197	0	neutral
219	219	0	0	SLC6A1	1	5	140	153	0.10357519693896318	5.742809810940197	0	neutral
220	220	0	3	SLC6A1	1	5	140	153	0.21860202939419324	0.21949936873118855	1	neutral
221	221	0	2	SLC6A1	1	5	140	153	0.21860202939419324	0.21949936873118855	0	neutral
222	222	1	0	SLC6A1	1	5	140	153	0.21860202939419324	0.21949936873118855	0	neutral
223	223	0	0	SLC6A1	1	5	140	153	0.21860202939419324	0.21949936873118855	0	neutral
224	224	0	0	SLC6A1	1	5	140	153	0.21860202939419324	0.21949936873118855	0	neutral
225	225	0	0	SLC6A1	1	2	140	156	1	0.558190681563083	1	neutral
226	226	0	0	SLC6A1	1	0	140	158	1	0.558190681563083	0	PER
227	227	0	0	SLC6A1	0	0	141	158	1	0.558190681563083	0	PER
228	228	0	0	SLC6A1	4	0	137	158	1	0.558190681563083	0	PER
229	229	0	0	SLC6A1	4	0	137	158	1	0.558190681563083	0	PER
230	230	0	0	SLC6A1	4	0	137	158	0.04833986377610543	11.909756170777925	1	PER
231	231	0	0	SLC6A1	5	0	136	158	0.04833986377610543	11.909756170777925	0	PER
232	232	4	0	SLC6A1	5	0	136	158	0.04833986377610543	11.909756170777925	0	PER
233	233	0	0	SLC6A1	5	0	136	158	0.04833986377610543	11.909756170777925	0	PER
234	234	0	0	SLC6A1	5	0	136	158	0.04833986377610543	11.909756170777925	0	PER
235	235	1	0	SLC6A1	5	0	136	158	0.022449360465513338	11.909756170777925	1	PER
236	236	0	0	SLC6A1	5	1	136	157	0.022449360465513338	11.909756170777925	0	PER
237	237	0	0	SLC6A1	1	1	140	157	0.022449360465513338	11.909756170777925	0	PER
238	238	0	0	SLC6A1	3	2	138	156	0.022449360465513338	11.909756170777925	0	PER
239	239	0	0	SLC6A1	3	2	138	156	0.022449360465513338	11.909756170777925	0	PER
240	240	0	1	SLC6A1	2	2	139	156	1	1.1218673695122552	1	neutral
241	241	0	0	SLC6A1	2	2	139	156	1	1.1218673695122552	0	neutral
242	242	2	1	SLC6A1	2	3	139	155	1	1.1218673695122552	0	neutral
243	243	0	0	SLC6A1	2	3	139	155	1	1.1218673695122552	0	neutral
244	244	0	0	SLC6A1	2	3	139	155	1	1.1218673695122552	0	neutral
245	245	0	0	SLC6A1	2	2	139	156	1	1.1218673695122552	1	neutral
246	246	0	1	SLC6A1	2	2	139	156	1	1.1218673695122552	0	neutral
247	247	0	0	SLC6A1	1	1	140	157	1	1.1218673695122552	0	neutral
248	248	0	0	SLC6A1	1	1	140	157	1	1.1218673695122552	0	neutral
249	249	0	0	SLC6A1	1	1	140	157	1	1.1218673695122552	0	neutral
250	250	0	0	SLC6A1	1	1	140	157	1	1.1209970801889304	1	neutral
251	251	1	0	SLC6A1	1	0	140	158	1	1.1209970801889304	0	neutral
252	252	0	0	SLC6A1	1	0	140	158	1	1.1209970801889304	0	neutral
253	253	0	0	SLC6A1	1	2	140	156	1	1.1209970801889304	0	neutral
254	254	0	0	SLC6A1	1	2	140	156	1	1.1209970801889304	0	neutral
255	255	0	0	SLC6A1	1	2	140	156	1	0.558190681563083	1	neutral
256	256	0	0	SLC6A1	0	3	141	155	1	0.558190681563083	0	neutral
257	257	0	2	SLC6A1	0	3	141	155	1	0.558190681563083	0	neutral
258	258	0	0	SLC6A1	1	3	140	155	1	0.558190681563083	0	neutral
259	259	0	0	SLC6A1	1	3	140	155	1	0.558190681563083	0	neutral
260	260	0	1	SLC6A1	1	3	140	155	0.624923784538608	0.3701858220004134	1	neutral
261	261	0	0	SLC6A1	1	3	140	155	0.624923784538608	0.3701858220004134	0	neutral
262	262	1	0	SLC6A1	1	1	140	157	0.624923784538608	0.3701858220004134	0	neutral
263	263	0	0	SLC6A1	1	1	140	157	0.624923784538608	0.3701858220004134	0	neutral
264	264	0	0	SLC6A1	1	1	140	157	0.624923784538608	0.3701858220004134	0	neutral
265	265	0	0	SLC6A1	1	0	140	158	0.4715719063545152	11.909756170777925	1	neutral
266	266	0	0	SLC6A1	2	0	139	158	0.4715719063545152	11.909756170777925	0	neutral
267	267	0	0	SLC6A1	2	0	139	158	0.4715719063545152	11.909756170777925	0	neutral
268	268	0	0	SLC6A1	2	0	139	158	0.4715719063545152	11.909756170777925	0	neutral
269	269	0	0	SLC6A1	2	0	139	158	0.4715719063545152	11.909756170777925	0	neutral
270	270	1	0	SLC6A1	2	0	139	158	0.2215438486229266	11.909756170777925	1	neutral
271	271	1	0	SLC6A1	2	0	139	158	0.2215438486229266	11.909756170777925	0	neutral
272	272	0	0	SLC6A1	2	0	139	158	0.2215438486229266	11.909756170777925	0	neutral
273	273	0	0	SLC6A1	2	5	139	153	0.2215438486229266	11.909756170777925	0	neutral
274	274	0	0	SLC6A1	2	5	139	153	0.2215438486229266	11.909756170777925	0	neutral
275	275	0	0	SLC6A1	1	5	140	153	0.21860202939419324	0.21949936873118855	1	neutral
276	276	0	0	SLC6A1	0	6	141	152	0.21860202939419324	0.21949936873118855	0	neutral
277	277	0	5	SLC6A1	0	6	141	152	0.21860202939419324	0.21949936873118855	0	neutral
278	278	0	0	SLC6A1	0	6	141	152	0.21860202939419324	0.21949936873118855	0	neutral
279	279	0	0	SLC6A1	0	6	141	152	0.21860202939419324	0.21949936873118855	0	neutral
280	280	0	1	SLC6A1	0	7	141	151	0.01557663432209042	0	1	neutral
281	281	0	0	SLC6A1	0	7	141	151	0.01557663432209042	0	0	PER
282	282	0	0	SLC6A1	0	2	141	156	0.01557663432209042	0	0	PER
283	283	0	0	SLC6A1	0	2	141	156	0.01557663432209042	0	0	PER
284	284	0	1	SLC6A1	9	2	132	156	0.01557663432209042	0	0	PER
285	285	0	0	SLC6A1	9	1	132	157	0.007402458465936128	10.639394756081867	1	PER
286	286	0	0	SLC6A1	9	1	132	157	0.007402458465936128	10.639394756081867	0	PER
287	287	0	0	SLC6A1	9	1	132	157	0.007402458465936128	10.639394756081867	0	PER
288	288	9	0	SLC6A1	9	1	132	157	0.007402458465936128	10.639394756081867	0	PER
289	289	0	0	SLC6A1	9	1	132	157	0.007402458465936128	10.639394756081867	0	PER
290	290	0	0	SLC6A1	10	1	131	157	0.0037110344275275583	11.909756170777925	1	PER
291	291	0	0	SLC6A1	11	1	130	157	0.0037110344275275583	11.909756170777925	0	PER
292	292	0	0	SLC6A1	11	1	130	157	0.0037110344275275583	11.909756170777925	0	PER
293	293	0	1	SLC6A1	8	1	133	157	0.0037110344275275583	11.909756170777925	0	PER
294	294	1	0	SLC6A1	8	1	133	157	0.0037110344275275583	11.909756170777925	0	PER
295	295	1	0	SLC6A1	9	1	132	157	0.007402458465936128	10.639394756081867	1	PER
296	296	0	0	SLC6A1	9	1	132	157	0.007402458465936128	10.639394756081867	0	PER
297	297	6	0	SLC6A1	9	1	132	157	0.007402458465936128	10.639394756081867	0	PER
298	298	0	0	SLC6A1	9	0	132	158	0.007402458465936128	10.639394756081867	0	PER
299	299	1	0	SLC6A1	8	0	133	158	0.007402458465936128	10.639394756081867	0	PER
300	300	0	0	SLC6A1	7	0	134	158	0.0047847769746096605	11.909756170777925	1	PER
301	301	0	0	SLC6A1	11	0	130	158	0.0047847769746096605	11.909756170777925	0	PER
302	302	0	0	SLC6A1	5	0	136	158	0.0047847769746096605	11.909756170777925	0	PER
303	303	0	0	SLC6A1	8	0	133	158	0.0047847769746096605	11.909756170777925	0	PER
304	304	0	0	SLC6A1	7	0	134	158	0.0047847769746096605	11.909756170777925	0	PER
305	305	4	0	SLC6A1	7	0	134	158	0.0047847769746096605	11.909756170777925	1	PER
306	306	0	0	SLC6A1	7	1	134	157	0.0047847769746096605	11.909756170777925	0	PER
307	307	3	0	SLC6A1	7	4	134	154	0.0047847769746096605	11.909756170777925	0	PER
308	308	0	0	SLC6A1	7	4	134	154	0.0047847769746096605	11.909756170777925	0	PER
309	309	0	0	SLC6A1	8	4	133	154	0.0047847769746096605	11.909756170777925	0	PER
310	310	0	1	SLC6A1	4	4	137	154	1	1.1236460539100586	1	neutral
311	311	0	3	SLC6A1	4	5	137	153	1	1.1236460539100586	0	neutral
312	312	0	0	SLC6A1	1	5	140	153	1	1.1236460539100586	0	neutral
313	313	1	0	SLC6A1	1	6	140	152	1	1.1236460539100586	0	neutral
314	314	0	0	SLC6A1	1	6	140	152	1	1.1236460539100586	0	neutral
315	315	0	1	SLC6A1	1	5	140	153	0.21860202939419324	0.21949936873118855	1	neutral
316	316	0	0	SLC6A1	1	2	140	156	0.21860202939419324	0.21949936873118855	0	neutral
317	317	0	1	SLC6A1	1	3	140	155	0.21860202939419324	0.21949936873118855	0	neutral
318	318	0	0	SLC6A1	1	4	140	154	0.21860202939419324	0.21949936873118855	0	neutral
319	319	0	0	SLC6A1	1	5	140	153	0.21860202939419324	0.21949936873118855	0	neutral
320	320	0	0	SLC6A1	1	4	140	154	0.37487297423101335	0.27604053642523957	1	neutral
321	321	0	1	SLC6A1	1	4	140	154	0.37487297423101335	0.27604053642523957	0	neutral
322	322	1	1	SLC6A1	1	3	140	155	0.37487297423101335	0.27604053642523957	0	neutral
323	323	0	1	SLC6A1	1	3	140	155	0.37487297423101335	0.27604053642523957	0	neutral
324	324	0	0	SLC6A1	2	4	139	154	0.37487297423101335	0.27604053642523957	0	neutral
325	325	0	0	SLC6A1	3	4	138	154	1	0.8374520757626032	1	neutral
326	326	0	0	SLC6A1	3	3	138	155	1	0.8374520757626032	0	neutral
327	327	0	0	SLC6A1	2	2	139	156	1	0.8374520757626032	0	neutral
328	328	1	1	SLC6A1	2	4	139	154	1	0.8374520757626032	0	neutral
329	329	1	0	SLC6A1	2	4	139	154	1	0.8374520757626032	0	neutral
330	330	0	0	SLC6A1	3	5	138	153	0.7264752184092509	0.6661071343735732	1	neutral
331	331	0	0	SLC6A1	3	5	138	153	0.7264752184092509	0.6661071343735732	0	neutral
332	332	0	3	SLC6A1	3	5	138	153	0.7264752184092509	0.6661071343735732	0	neutral
333	333	0	0	SLC6A1	2	5	139	153	0.7264752184092509	0.6661071343735732	0	neutral
334	334	1	1	SLC6A1	1	5	140	153	0.7264752184092509	0.6661071343735732	0	neutral
335	335	0	0	SLC6A1	1	5	140	153	0.21860202939419324	0.21949936873118855	1	neutral
336	336	0	0	SLC6A1	1	5	140	153	0.21860202939419324	0.21949936873118855	0	PER
337	337	0	1	SLC6A1	1	3	140	155	0.21860202939419324	0.21949936873118855	0	PER
338	338	0	0	SLC6A1	12	3	129	155	0.21860202939419324	0.21949936873118855	0	PER
339	339	0	0	SLC6A1	11	2	130	156	0.21860202939419324	0.21949936873118855	0	PER
340	340	0	0	SLC6A1	11	2	130	156	0.008221831493301586	6.563939052853811	1	PER
341	341	0	1	SLC6A1	11	2	130	156	0.008221831493301586	6.563939052853811	0	PER
342	342	11	0	SLC6A1	11	2	130	156	0.008221831493301586	6.563939052853811	0	PER
343	343	0	0	SLC6A1	11	3	130	155	0.008221831493301586	6.563939052853811	0	PER
344	344	0	0	SLC6A1	11	3	130	155	0.008221831493301586	6.563939052853811	0	PER
345	345	0	0	SLC6A1	11	3	130	155	0.025162752334455276	4.352138839007124	1	PER
346	346	0	1	SLC6A1	11	3	130	155	0.025162752334455276	4.352138839007124	0	PER
347	347	0	1	SLC6A1	0	3	141	155	0.025162752334455276	4.352138839007124	0	PER
348	348	0	0	SLC6A1	0	3	141	155	0.025162752334455276	4.352138839007124	0	PER
349	349	0	0	SLC6A1	1	4	140	154	0.025162752334455276	4.352138839007124	0	PER
350	350	0	1	SLC6A1	1	5	140	153	0.21860202939419324	0.21949936873118855	1	neutral
351	351	0	0	SLC6A1	1	4	140	154	0.21860202939419324	0.21949936873118855	0	neutral
352	352	0	0	SLC6A1	1	3	140	155	0.21860202939419324	0.21949936873118855	0	neutral
353	353	1	1	SLC6A1	6	3	135	155	0.21860202939419324	0.21949936873118855	0	neutral
354	354	0	1	SLC6A1	6	3	135	155	0.21860202939419324	0.21949936873118855	0	neutral
355	355	0	0	SLC6A1	6	2	135	156	0.15448401778339743	3.453277651458907	1	neutral
356	356	0	0	SLC6A1	7	2	134	156	0.15448401778339743	3.453277651458907	0	PER
357	357	5	0	SLC6A1	7	2	134	156	0.15448401778339743	3.453277651458907	0	PER
358	358	0	0	SLC6A1	10	1	131	157	0.15448401778339743	3.453277651458907	0	PER
359	359	0	0	SLC6A1	10	0	131	158	0.15448401778339743	3.453277651458907	0	PER
360	360	1	0	SLC6A1	10	0	131	158	4.567917290351677e-4	11.909756170777925	1	PER
361	361	0	0	SLC6A1	10	0	131	158	4.567917290351677e-4	11.909756170777925	0	PER
362	362	4	0	SLC6A1	5	0	136	158	4.567917290351677e-4	11.909756170777925	0	PER
363	363	0	0	SLC6A1	5	0	136	158	4.567917290351677e-4	11.909756170777925	0	PER
364	364	0	0	SLC6A1	5	0	136	158	4.567917290351677e-4	11.909756170777925	0	PER
365	365	0	0	SLC6A1	4	0	137	158	0.04833986377610543	11.909756170777925	1	PER
366	366	0	0	SLC6A1	4	0	137	158	0.04833986377610543	11.909756170777925	0	PER
367	367	0	0	SLC6A1	0	0	141	158	0.04833986377610543	11.909756170777925	0	PER
368	368	0	0	SLC6A1	0	0	141	158	0.04833986377610543	11.909756170777925	0	PER
369	369	0	0	SLC6A1	0	0	141	158	0.04833986377610543	11.909756170777925	0	PER
370	370	0	0	SLC6A1	0	0	141	158	1	0	1	neutral
371	371	0	0	SLC6A1	0	1	141	157	1	0	0	neutral
372	372	0	0	SLC6A1	0	1	141	157	1	0	0	neutral
373	373	0	0	SLC6A1	0	2	141	156	1	0	0	neutral
374	374	0	0	SLC6A1	0	2	141	156	1	0	0	neutral
375	375	0	1	SLC6A1	0	2	141	156	0.4999438845368231	0	1	neutral
376	376	0	0	SLC6A1	0	2	141	156	0.4999438845368231	0	0	neutral
377	377	0	1	SLC6A1	0	2	141	156	0.4999438845368231	0	0	neutral
378	378	0	0	SLC6A1	0	2	141	156	0.4999438845368231	0	0	neutral
379	379	0	0	SLC6A1	0	2	141	156	0.4999438845368231	0	0	neutral
380	380	0	0	SLC6A1	0	1	141	157	1	0	1	neutral
381	381	0	0	SLC6A1	1	1	140	157	1	0	0	neutral
382	382	0	0	SLC6A1	1	0	140	158	1	0	0	neutral
383	383	0	0	SLC6A1	1	0	140	158	1	0	0	neutral
384	384	0	0	SLC6A1	1	0	140	158	1	0	0	neutral
385	385	1	0	SLC6A1	1	0	140	158	0.4715719063545152	11.909756170777925	1	neutral
386	386	0	0	SLC6A1	2	0	139	158	0.4715719063545152	11.909756170777925	0	neutral
387	387	0	0	SLC6A1	2	0	139	158	0.4715719063545152	11.909756170777925	0	neutral
388	388	0	0	SLC6A1	2	0	139	158	0.4715719063545152	11.909756170777925	0	neutral
389	389	0	0	SLC6A1	2	0	139	158	0.4715719063545152	11.909756170777925	0	neutral
390	390	1	0	SLC6A1	1	0	140	158	0.4715719063545152	11.909756170777925	1	neutral
391	391	0	0	SLC6A1	1	0	140	158	0.4715719063545152	11.909756170777925	0	neutral
392	392	0	0	SLC6A1	1	0	140	158	0.4715719063545152	11.909756170777925	0	neutral
393	393	0	0	SLC6A1	1	0	140	158	0.4715719063545152	11.909756170777925	0	neutral
394	394	0	0	SLC6A1	1	0	140	158	0.4715719063545152	11.909756170777925	0	neutral
395	395	0	0	SLC6A1	0	0	141	158	1	0	1	neutral
396	396	0	0	SLC6A1	0	0	141	158	1	0	0	neutral
397	397	0	0	SLC6A1	0	0	141	158	1	0	0	neutral
398	398	0	0	SLC6A1	0	0	141	158	1	0	0	neutral
399	399	0	0	SLC6A1	0	0	141	158	1	0	0	neutral
400	400	0	0	SLC6A1	0	0	141	158	1	0	1	neutral
401	401	0	0	SLC6A1	0	1	141	157	1	0	0	neutral
402	402	0	0	SLC6A1	0	1	141	157	1	0	0	neutral
403	403	0	0	SLC6A1	0	1	141	157	1	0	0	neutral
404	404	0	0	SLC6A1	0	1	141	157	1	0	0	neutral
405	405	0	1	SLC6A1	0	2	141	156	0.4999438845368231	0	1	neutral
406	406	0	0	SLC6A1	0	3	141	155	0.4999438845368231	0	0	neutral
407	407	0	0	SLC6A1	0	3	141	155	0.4999438845368231	0	0	neutral
408	408	0	0	SLC6A1	0	3	141	155	0.4999438845368231	0	0	neutral
409	409	0	1	SLC6A1	0	3	141	155	0.4999438845368231	0	0	neutral
410	410	0	1	SLC6A1	0	2	141	156	0.4999438845368231	0	1	neutral
411	411	0	0	SLC6A1	0	3	141	155	0.4999438845368231	0	0	neutral
412	412	0	0	SLC6A1	0	4	141	154	0.4999438845368231	0	0	neutral
413	413	0	0	SLC6A1	0	6	141	152	0.4999438845368231	0	0	neutral
414	414	0	0	SLC6A1	0	6	141	152	0.4999438845368231	0	0	neutral
415	415	0	1	SLC6A1	2	7	139	151	0.17948703526289242	0.31148825876017716	1	neutral
416	416	0	1	SLC6A1	2	7	139	151	0.17948703526289242	0.31148825876017716	0	neutral
417	417	0	2	SLC6A1	2	7	139	151	0.17948703526289242	0.31148825876017716	0	neutral
418	418	0	1	SLC6A1	2	7	139	151	0.17948703526289242	0.31148825876017716	0	neutral
419	419	2	2	SLC6A1	2	7	139	151	0.17948703526289242	0.31148825876017716	0	neutral
420	420	0	0	SLC6A1	2	6	139	152	0.2888764878874789	0.3656560848134405	1	neutral
421	421	0	0	SLC6A1	2	5	139	153	0.2888764878874789	0.3656560848134405	0	neutral
422	422	0	0	SLC6A1	2	4	139	154	0.2888764878874789	0.3656560848134405	0	neutral
423	423	0	0	SLC6A1	2	3	139	155	0.2888764878874789	0.3656560848134405	0	neutral
424	424	0	0	SLC6A1	0	1	141	157	0.2888764878874789	0.3656560848134405	0	neutral
425	425	0	0	SLC6A1	0	2	141	156	0.4999438845368231	0	1	neutral
426	426	0	1	SLC6A1	0	2	141	156	0.4999438845368231	0	0	neutral
427	427	0	0	SLC6A1	0	2	141	156	0.4999438845368231	0	0	neutral
428	428	0	0	SLC6A1	0	2	141	156	0.4999438845368231	0	0	neutral
429	429	0	1	SLC6A1	0	2	141	156	0.4999438845368231	0	0	neutral
430	430	0	0	SLC6A1	0	4	141	154	0.1249131742274433	0	1	neutral
431	431	0	0	SLC6A1	0	3	141	155	0.1249131742274433	0	0	neutral
432	432	0	0	SLC6A1	0	3	141	155	0.1249131742274433	0	0	neutral
433	433	0	0	SLC6A1	0	3	141	155	0.1249131742274433	0	0	neutral
434	434	0	2	SLC6A1	0	2	141	156	0.1249131742274433	0	0	neutral
435	435	0	0	SLC6A1	0	2	141	156	0.4999438845368231	0	1	neutral
436	436	0	0	SLC6A1	0	2	141	156	0.4999438845368231	0	0	neutral
437	437	0	0	SLC6A1	0	2	141	156	0.4999438845368231	0	0	neutral
438	438	0	0	SLC6A1	0	3	141	155	0.4999438845368231	0	0	neutral
439	439	0	0	SLC6A1	0	1	141	157	0.4999438845368231	0	0	neutral
440	440	0	0	SLC6A1	0	1	141	157	1	0	1	neutral
441	441	0	0	SLC6A1	1	1	140	157	1	0	0	neutral
442	442	0	1	SLC6A1	3	1	138	157	1	0	0	neutral
443	443	0	0	SLC6A1	3	1	138	157	1	0	0	neutral
444	444	0	0	SLC6A1	5	3	136	155	1	0	0	neutral
445	445	1	0	SLC6A1	5	3	136	155	0.48228497861229247	1.8954645041260179	1	neutral
446	446	2	0	SLC6A1	5	3	136	155	0.48228497861229247	1.8954645041260179	0	neutral
447	447	0	0	SLC6A1	6	2	135	156	0.48228497861229247	1.8954645041260179	0	neutral
448	448	2	2	SLC6A1	6	2	135	156	0.48228497861229247	1.8954645041260179	0	neutral
449	449	0	0	SLC6A1	6	2	135	156	0.48228497861229247	1.8954645041260179	0	neutral
450	450	0	0	SLC6A1	5	2	136	156	0.2606103193312228	2.8580498557289222	1	neutral
451	451	1	0	SLC6A1	3	2	138	156	0.2606103193312228	2.8580498557289222	0	neutral
452	452	0	0	SLC6A1	3	2	138	156	0.2606103193312228	2.8580498557289222	0	neutral
453	453	0	0	SLC6A1	2	0	139	158	0.2606103193312228	2.8580498557289222	0	neutral
454	454	0	0	SLC6A1	2	1	139	157	0.2606103193312228	2.8580498557289222	0	neutral
455	455	0	0	SLC6A1	4	1	137	157	0.19187574077951086	4.562690048516358	1	neutral
456	456	0	0	SLC6A1	3	1	138	157	0.19187574077951086	4.562690048516358	0	neutral
457	457	1	0	SLC6A1	3	1	138	157	0.19187574077951086	4.562690048516358	0	neutral
458	458	0	1	SLC6A1	3	1	138	157	0.19187574077951086	4.562690048516358	0	neutral
459	459	2	0	SLC6A1	3	1	138	157	0.19187574077951086	4.562690048516358	0	neutral
460	460	0	0	SLC6A1	3	1	138	157	0.3462957387672882	3.400097107118674	1	neutral
461	461	0	0	SLC6A1	3	1	138	157	0.3462957387672882	3.400097107118674	0	neutral
462	462	0	0	SLC6A1	2	1	139	157	0.3462957387672882	3.400097107118674	0	neutral
463	463	0	0	SLC6A1	2	0	139	158	0.3462957387672882	3.400097107118674	0	neutral
464	464	0	0	SLC6A1	0	0	141	158	0.3462957387672882	3.400097107118674	0	neutral
465	465	0	0	SLC6A1	0	0	141	158	1	0	1	neutral
466	466	0	0	SLC6A1	0	1	141	157	1	0	0	neutral
467	467	0	0	SLC6A1	0	2	141	156	1	0	0	neutral
468	468	0	0	SLC6A1	0	2	141	156	1	0	0	neutral
469	469	0	0	SLC6A1	0	2	141	156	1	0	0	neutral
470	470	0	1	SLC6A1	0	2	141	156	0.4999438845368231	0	1	neutral
471	471	0	1	SLC6A1	0	2	141	156	0.4999438845368231	0	0	neutral
472	472	0	0	SLC6A1	0	3	141	155	0.4999438845368231	0	0	neutral
473	473	0	0	SLC6A1	0	3	141	155	0.4999438845368231	0	0	neutral
474	474	0	0	SLC6A1	0	4	141	154	0.4999438845368231	0	0	neutral
475	475	0	0	SLC6A1	1	4	140	154	0.37487297423101335	0.27604053642523957	1	neutral
476	476	0	1	SLC6A1	1	3	140	155	0.37487297423101335	0.27604053642523957	0	neutral
477	477	0	0	SLC6A1	1	4	140	154	0.37487297423101335	0.27604053642523957	0	neutral
478	478	0	1	SLC6A1	1	4	140	154	0.37487297423101335	0.27604053642523957	0	neutral
479	479	1	1	SLC6A1	1	5	140	153	0.37487297423101335	0.27604053642523957	0	neutral
480	480	0	0	SLC6A1	1	5	140	153	0.21860202939419324	0.21949936873118855	1	neutral
481	481	0	1	SLC6A1	1	4	140	154	0.21860202939419324	0.21949936873118855	0	neutral
482	482	0	0	SLC6A1	1	4	140	154	0.21860202939419324	0.21949936873118855	0	neutral
483	483	0	1	SLC6A1	2	3	139	155	0.21860202939419324	0.21949936873118855	0	neutral
484	484	0	0	SLC6A1	1	2	140	156	0.21860202939419324	0.21949936873118855	0	neutral
485	485	0	0	SLC6A1	1	2	140	156	1	0.558190681563083	1	neutral
486	486	0	0	SLC6A1	1	1	140	157	1	0.558190681563083	0	neutral
487	487	1	0	SLC6A1	1	1	140	157	1	0.558190681563083	0	neutral
488	488	0	0	SLC6A1	1	0	140	158	1	0.558190681563083	0	neutral
489	489	0	0	SLC6A1	2	0	139	158	1	0.558190681563083	0	neutral
490	490	0	0	SLC6A1	2	0	139	158	0.2215438486229266	11.909756170777925	1	neutral
491	491	0	0	SLC6A1	3	0	138	158	0.2215438486229266	11.909756170777925	0	neutral
492	492	0	0	SLC6A1	3	0	138	158	0.2215438486229266	11.909756170777925	0	neutral
493	493	1	0	SLC6A1	3	1	138	157	0.2215438486229266	11.909756170777925	0	neutral
494	494	0	0	SLC6A1	3	1	138	157	0.2215438486229266	11.909756170777925	0	neutral
495	495	1	0	SLC6A1	3	1	138	157	0.3462957387672882	3.400097107118674	1	neutral
496	496	1	0	SLC6A1	3	1	138	157	0.3462957387672882	3.400097107118674	0	neutral
497	497	0	1	SLC6A1	3	1	138	157	0.3462957387672882	3.400097107118674	0	neutral
498	498	0	0	SLC6A1	2	2	139	156	0.3462957387672882	3.400097107118674	0	neutral
499	499	0	0	SLC6A1	2	2	139	156	0.3462957387672882	3.400097107118674	0	neutral
500	500	0	0	SLC6A1	1	2	140	156	1	0.558190681563083	1	neutral
501	501	0	0	SLC6A1	0	2	141	156	1	0.558190681563083	0	neutral
502	502	0	1	SLC6A1	0	2	141	156	1	0.558190681563083	0	neutral
503	503	0	0	SLC6A1	0	2	141	156	1	0.558190681563083	0	neutral
504	504	0	0	SLC6A1	0	2	141	156	1	0.558190681563083	0	neutral
505	505	0	0	SLC6A1	0	3	141	155	0.24991582680523444	0	1	neutral
506	506	0	1	SLC6A1	0	3	141	155	0.24991582680523444	0	0	neutral
507	507	0	0	SLC6A1	5	2	136	156	0.24991582680523444	0	0	neutral
508	508	0	0	SLC6A1	5	2	136	156	0.24991582680523444	0	0	neutral
509	509	0	1	SLC6A1	5	2	136	156	0.24991582680523444	0	0	neutral
510	510	0	0	SLC6A1	5	2	136	156	0.2606103193312228	2.8580498557289222	1	neutral
511	511	5	0	SLC6A1	5	1	136	157	0.2606103193312228	2.8580498557289222	0	PER
512	512	0	0	SLC6A1	5	1	136	157	0.2606103193312228	2.8580498557289222	0	PER
513	513	0	0	SLC6A1	5	1	136	157	0.2606103193312228	2.8580498557289222	0	PER
514	514	0	0	SLC6A1	5	0	136	158	0.2606103193312228	2.8580498557289222	0	PER
515	515	0	0	SLC6A1	5	0	136	158	0.022449360465513338	11.909756170777925	1	PER
516	516	0	0	SLC6A1	0	1	141	157	0.022449360465513338	11.909756170777925	0	PER
517	517	0	0	SLC6A1	0	1	141	157	0.022449360465513338	11.909756170777925	0	PER
518	518	0	0	SLC6A1	0	1	141	157	0.022449360465513338	11.909756170777925	0	PER
519	519	0	0	SLC6A1	0	1	141	157	0.022449360465513338	11.909756170777925	0	PER
520	520	0	1	SLC6A1	0	1	141	157	1	0	1	neutral
521	521	0	0	SLC6A1	0	1	141	157	1	0	0	neutral
522	522	0	0	SLC6A1	0	1	141	157	1	0	0	neutral
523	523	0	0	SLC6A1	1	1	140	157	1	0	0	neutral
524	524	0	0	SLC6A1	1	1	140	157	1	0	0	neutral
525	525	0	0	SLC6A1	1	0	140	158	0.4715719063545152	11.909756170777925	1	neutral
526	526	0	0	SLC6A1	2	0	139	158	0.4715719063545152	11.909756170777925	0	PER
527	527	1	0	SLC6A1	2	0	139	158	0.4715719063545152	11.909756170777925	0	PER
528	528	0	0	SLC6A1	3	0	138	158	0.4715719063545152	11.909756170777925	0	PER
529	529	0	0	SLC6A1	4	0	137	158	0.4715719063545152	11.909756170777925	0	PER
530	530	1	0	SLC6A1	5	0	136	158	0.022449360465513338	11.909756170777925	1	PER
531	531	0	0	SLC6A1	5	1	136	157	0.022449360465513338	11.909756170777925	0	PER
532	532	1	0	SLC6A1	4	1	137	157	0.022449360465513338	11.909756170777925	0	PER
533	533	1	0	SLC6A1	4	1	137	157	0.022449360465513338	11.909756170777925	0	PER
534	534	1	0	SLC6A1	4	1	137	157	0.022449360465513338	11.909756170777925	0	PER
535	535	0	1	SLC6A1	3	1	138	157	0.3462957387672882	3.400097107118674	1	neutral
536	536	0	0	SLC6A1	3	1	138	157	0.3462957387672882	3.400097107118674	0	neutral
537	537	0	0	SLC6A1	2	1	139	157	0.3462957387672882	3.400097107118674	0	neutral
538	538	0	0	SLC6A1	1	1	140	157	0.3462957387672882	3.400097107118674	0	neutral
539	539	0	0	SLC6A1	0	1	141	157	0.3462957387672882	3.400097107118674	0	neutral
540	540	0	0	SLC6A1	0	0	141	158	1	0	1	neutral
541	541	0	0	SLC6A1	0	0	141	158	1	0	0	neutral
542	542	0	0	SLC6A1	0	1	141	157	1	0	0	neutral
543	543	0	0	SLC6A1	0	2	141	156	1	0	0	neutral
544	544	0	0	SLC6A1	0	2	141	156	1	0	0	neutral
545	545	0	0	SLC6A1	0	2	141	156	0.4999438845368231	0	1	neutral
546	546	0	1	SLC6A1	2	2	139	156	0.4999438845368231	0	0	neutral
547	547	0	1	SLC6A1	2	2	139	156	0.4999438845368231	0	0	neutral
548	548	0	0	SLC6A1	2	4	139	154	0.4999438845368231	0	0	neutral
549	549	0	0	SLC6A1	2	4	139	154	0.4999438845368231	0	0	neutral
550	550	2	0	SLC6A1	2	4	139	154	0.6874148639046532	0.5550103433442054	1	neutral
551	551	0	0	SLC6A1	2	4	139	154	0.6874148639046532	0.5550103433442054	0	neutral
552	552	0	2	SLC6A1	2	3	139	155	0.6874148639046532	0.5550103433442054	0	neutral
553	553	0	0	SLC6A1	2	3	139	155	0.6874148639046532	0.5550103433442054	0	neutral
554	554	0	0	SLC6A1	2	4	139	154	0.6874148639046532	0.5550103433442054	0	neutral
555	555	0	1	SLC6A1	0	4	141	154	0.1249131742274433	0	1	neutral
556	556	0	0	SLC6A1	0	4	141	154	0.1249131742274433	0	0	neutral
557	557	0	0	SLC6A1	0	2	141	156	0.1249131742274433	0	0	neutral
558	558	0	1	SLC6A1	1	2	140	156	0.1249131742274433	0	0	neutral
559	559	0	0	SLC6A1	1	2	140	156	0.1249131742274433	0	0	neutral
560	560	0	0	SLC6A1	1	1	140	157	1	1.1209970801889304	1	neutral
561	561	0	0	SLC6A1	1	1	140	157	1	1.1209970801889304	0	neutral
562	562	1	0	SLC6A1	2	2	139	156	1	1.1209970801889304	0	neutral
563	563	0	0	SLC6A1	2	1	139	157	1	1.1209970801889304	0	neutral
564	564	0	0	SLC6A1	2	1	139	157	1	1.1209970801889304	0	neutral
565	565	0	0	SLC6A1	2	2	139	156	1	1.1218673695122552	1	neutral
566	566	1	1	SLC6A1	2	2	139	156	1	1.1218673695122552	0	neutral
567	567	0	0	SLC6A1	1	4	140	154	1	1.1218673695122552	0	neutral
568	568	0	0	SLC6A1	1	5	140	153	1	1.1218673695122552	0	neutral
569	569	0	1	SLC6A1	1	7	140	151	1	1.1218673695122552	0	neutral
570	570	0	0	SLC6A1	2	9	139	149	0.06524506344567198	0.23919901597634047	1	neutral
571	571	0	2	SLC6A1	2	8	139	150	0.06524506344567198	0.23919901597634047	0	PER
572	572	0	1	SLC6A1	2	8	139	150	0.06524506344567198	0.23919901597634047	0	PER
573	573	0	2	SLC6A1	2	9	139	149	0.06524506344567198	0.23919901597634047	0	PER
574	574	1	2	SLC6A1	2	10	139	148	0.06524506344567198	0.23919901597634047	0	PER
575	575	1	0	SLC6A1	2	12	139	146	0.01282505851382205	0.17589452271140296	1	PER
576	576	0	0	SLC6A1	2	11	139	147	0.01282505851382205	0.17589452271140296	0	PER
577	577	0	1	SLC6A1	2	10	139	148	0.01282505851382205	0.17589452271140296	0	PER
578	578	0	2	SLC6A1	2	8	139	150	0.01282505851382205	0.17589452271140296	0	PER
579	579	0	2	SLC6A1	1	6	140	152	0.01282505851382205	0.17589452271140296	0	PER
580	580	0	1	SLC6A1	0	6	141	152	0.031187463193022225	0	1	neutral
581	581	0	0	SLC6A1	0	6	141	152	0.031187463193022225	0	0	neutral
582	582	0	0	SLC6A1	0	5	141	153	0.031187463193022225	0	0	neutral
583	583	0	0	SLC6A1	0	4	141	154	0.031187463193022225	0	0	neutral
584	584	0	0	SLC6A1	0	2	141	156	0.031187463193022225	0	0	neutral
585	585	0	0	SLC6A1	0	2	141	156	0.4999438845368231	0	1	neutral
586	586	0	0	SLC6A1	0	2	141	156	0.4999438845368231	0	0	neutral
587	587	0	1	SLC6A1	0	3	141	155	0.4999438845368231	0	0	neutral
588	588	0	0	SLC6A1	0	3	141	155	0.4999438845368231	0	0	neutral
589	589	0	1	SLC6A1	0	3	141	155	0.4999438845368231	0	0	neutral
590	590	0	0	SLC6A1	0	4	141	154	0.1249131742274433	0	1	neutral
591	591	0	1	SLC6A1	0	4	141	154	0.1249131742274433	0	0	neutral
592	592	0	0	SLC6A1	0	4	141	154	0.1249131742274433	0	0	neutral
593	593	0	0	SLC6A1	0	4	141	154	0.1249131742274433	0	0	neutral
594	594	0	1	SLC6A1	0	4	141	154	0.1249131742274433	0	0	neutral
595	595	0	0	SLC6A1	0	5	141	153	0.06242322422655073	0	1	neutral
596	596	0	1	SLC6A1	0	4	141	154	0.06242322422655073	0	0	neutral
597	597	0	0	SLC6A1	0	4	141	154	0.06242322422655073	0	0	neutral
598	598	0	1	SLC6A1	0	4	141	154	0.06242322422655073	0	0	neutral
599	599	0	1	SLC6A1	0	3	141	155	0.06242322422655073	0	0	neutral
