p_in	p_out	g_in	g_out	AA_pos	pvalue	odds	PER3D
0	135	1	157	1	1	0	No-PER3D
0	135	3	155	2	0.2520688204217121	0	No-PER3D
0	135	5	153	3	0.06420713179595337	0	No-PER3D
0	135	5	153	4	0.06420713179595337	0	No-PER3D
0	135	5	153	5	0.06420713179595337	0	No-PER3D
0	135	5	153	6	0.06420713179595337	0	No-PER3D
1	134	6	152	7	0.1286200201109937	0.18991309287744113	No-PER3D
1	134	7	151	8	0.07329935815291552	0.16175642928429065	No-PER3D
1	134	7	151	9	0.07329935815291552	0.16175642928429065	No-PER3D
2	133	6	152	10	0.29458200598522816	0.3821128092611754	No-PER3D
2	133	6	152	11	0.29458200598522816	0.3821128092611754	No-PER3D
2	133	6	152	12	0.29458200598522816	0.3821128092611754	No-PER3D
3	132	7	151	13	0.3507171703979737	0.4913872805530267	No-PER3D
3	132	6	152	14	0.5134045978322364	0.5768022465125555	No-PER3D
2	133	8	150	15	0.11422222706047366	0.2830292102241184	No-PER3D
2	133	10	148	16	0.04159197435459762	0.22351830477153342	No-PER3D
2	133	7	151	17	0.18517071006172364	0.32551203079905766	No-PER3D
2	133	8	150	18	0.11422222706047366	0.2830292102241184	No-PER3D
1	134	7	151	19	0.07329935815291552	0.16175642928429065	No-PER3D
1	134	6	152	20	0.1286200201109937	0.18991309287744113	No-PER3D
1	134	5	153	21	0.22265421768570495	0.2293142336360789	No-PER3D
1	134	4	154	22	0.3784818044804668	0.2883795125956093	No-PER3D
0	135	3	155	23	0.2520688204217121	0	No-PER3D
0	135	3	155	24	0.2520688204217121	0	No-PER3D
0	135	2	156	25	0.5013792136144748	0	No-PER3D
0	135	2	156	26	0.5013792136144748	0	No-PER3D
0	135	3	155	27	0.2520688204217121	0	No-PER3D
1	134	5	153	28	0.22265421768570495	0.2293142336360789	No-PER3D
1	134	4	154	29	0.3784818044804668	0.2883795125956093	No-PER3D
2	133	10	148	30	0.04159197435459762	0.22351830477153342	No-PER3D
1	134	8	150	31	0.04133611475039884	0.1406313042524299	No-PER3D
2	133	8	150	32	0.11422222706047366	0.2830292102241184	No-PER3D
2	133	8	150	33	0.11422222706047366	0.2830292102241184	No-PER3D
3	132	7	151	34	0.3507171703979737	0.4913872805530267	No-PER3D
3	132	6	152	35	0.5134045978322364	0.5768022465125555	No-PER3D
3	132	7	151	36	0.3507171703979737	0.4913872805530267	No-PER3D
3	132	7	151	37	0.3507171703979737	0.4913872805530267	No-PER3D
2	133	6	152	38	0.29458200598522816	0.3821128092611754	No-PER3D
2	133	8	150	39	0.11422222706047366	0.2830292102241184	No-PER3D
4	131	9	149	40	0.39434806460727695	0.5066330881005494	No-PER3D
4	131	13	145	41	0.07759570794247363	0.3416827731268225	No-PER3D
4	131	13	145	42	0.07759570794247363	0.3416827731268225	No-PER3D
6	129	8	150	43	0.9999999999999999	0.8724984189259347	No-PER3D
10	125	15	143	44	0.6755728246371927	0.7633655723943982	No-PER3D
9	126	12	146	45	0.8231372835352403	0.8694621121016889	No-PER3D
14	121	10	148	46	0.28521445723789435	1.7092129362658437	No-PER3D
14	121	9	149	47	0.19044431602235404	1.9112361866116436	No-PER3D
5	130	7	151	48	0.9999999999999999	0.8301952570166553	No-PER3D
2	133	9	149	49	0.06937555568148614	0.24997280488098036	No-PER3D
2	133	9	149	50	0.06937555568148614	0.24997280488098036	No-PER3D
3	132	9	149	51	0.15272629966215154	0.37743273431664487	No-PER3D
7	128	10	148	52	0.80387686572758	0.8099547263378024	No-PER3D
9	126	12	146	53	0.8231372835352403	0.8694621121016889	No-PER3D
6	129	10	148	54	0.6085324556647708	0.689233976324292	No-PER3D
5	130	8	150	55	0.7773205893986267	0.7219461555677135	No-PER3D
9	126	7	151	56	0.4470466746405485	1.5385142280744666	No-PER3D
15	120	6	152	57	0.02163111128665109	3.1545783890226597	PER3D
13	122	8	150	58	0.17277643280221383	1.9932637670652618	No-PER3D
10	125	5	153	59	0.11627034339994385	2.44065924423331	No-PER3D
11	124	3	155	60	0.014154444579827447	4.56145585681172	PER3D
13	122	5	153	61	0.02739731207861187	3.247985213799914	PER3D
11	124	8	150	62	0.3442686224715911	1.660384190842784	No-PER3D
12	123	2	156	63	0.004117473953261004	7.564340677547408	PER3D
16	119	1	157	64	4.326242880478679e-5	20.953499366000646	PER3D
20	115	6	152	65	0.0015164807891565439	4.3845784328973005	PER3D
12	123	7	151	66	0.1544767032232682	2.0992329011266464	No-PER3D
7	128	6	152	67	0.5833325643939687	1.383855872540409	No-PER3D
30	105	5	153	68	3.588149363581318e-7	8.68539828753254	PER3D
28	107	6	152	69	5.707373129644713e-6	6.589289627187106	PER3D
23	112	8	150	70	0.0010435433375524936	3.833194418793757	PER3D
37	98	9	149	71	2.9265195427050835e-7	6.212284540075447	PER3D
41	94	8	150	72	4.4008780654593174e-9	8.121176119446146	PER3D
23	112	7	151	73	4.209595517299398e-4	4.4082351244882	PER3D
25	110	9	149	74	8.142480726290109e-4	3.7459494368868396	PER3D
26	109	8	150	75	1.8564491011627103e-4	4.450319153079568	PER3D
24	111	5	153	76	4.32710847542454e-5	6.5770471995117665	PER3D
22	113	11	147	77	0.01531849570525347	2.5933177588949814	PER3D
17	118	11	147	78	0.11391262375281443	1.9209817497927486	No-PER3D
9	126	14	144	79	0.5214012887984624	0.7354581858670016	No-PER3D
8	127	13	145	80	0.5018101259941606	0.7034385850085402	No-PER3D
17	118	11	147	81	0.11391262375281443	1.9209817497927486	No-PER3D
16	119	14	144	82	0.44282139492188377	1.3813993563505371	No-PER3D
17	118	9	149	83	0.041707997850744784	2.37810224922412	PER3D
10	125	5	153	84	0.11627034339994385	2.44065924423331	No-PER3D
16	119	6	152	85	0.013071575798879912	3.392399194480384	PER3D
14	121	10	148	86	0.28521445723789435	1.7092129362658437	No-PER3D
13	122	7	151	87	0.10340757944586344	2.2921387868323864	No-PER3D
13	122	3	155	88	0.0041695779517335494	5.477030214382908	PER3D
19	116	7	151	89	0.0063762567817508995	3.5184741546462983	PER3D
16	119	6	152	90	0.013071575798879912	3.392399194480384	PER3D
6	129	5	153	91	0.7595785328088637	1.4215204300302413	No-PER3D
5	130	6	152	92	1	0.9744418286470045	No-PER3D
19	116	7	151	93	0.0063762567817508995	3.5184741546462983	PER3D
23	112	6	152	94	1.5404886387028775e-4	5.1747646392845175	PER3D
14	121	8	150	95	0.11845819763352332	2.163732758449765	No-PER3D
7	128	6	152	96	0.5833325643939687	1.383855872540409	No-PER3D
11	124	6	152	97	0.13560487796896079	2.2411790031508505	No-PER3D
16	119	6	152	98	0.013071575798879912	3.392399194480384	PER3D
9	126	8	150	99	0.6212371969363887	1.3379333916327358	No-PER3D
9	126	7	151	100	0.4470466746405485	1.5385142280744666	No-PER3D
19	116	2	156	101	1.5749269460170924e-5	12.686583370364962	PER3D
21	114	6	152	102	8.592392718027044e-4	4.643395731903197	PER3D
14	121	9	149	103	0.19044431602235404	1.9112361866116436	No-PER3D
14	121	8	150	104	0.11845819763352332	2.163732758449765	No-PER3D
13	122	7	151	105	0.10340757944586344	2.2921387868323864	No-PER3D
13	122	8	150	106	0.17277643280221383	1.9932637670652618	No-PER3D
14	121	14	144	107	0.6939016724390875	1.1893694336684484	No-PER3D
14	121	16	142	108	1	1.026775042476897	No-PER3D
16	119	11	147	109	0.1613371388840714	1.7931531160041823	No-PER3D
14	121	11	147	110	0.3045585384183905	1.5438712414567513	No-PER3D
14	121	6	152	111	0.035214028492649894	2.920642563042691	PER3D
14	121	4	154	112	0.006541996465613728	4.433384974138231	PER3D
9	126	4	154	113	0.09664960741381114	2.74078111374353	No-PER3D
9	126	9	149	114	0.8094194760439745	1.181857356890985	No-PER3D
14	121	9	149	115	0.19044431602235404	1.9112361866116436	No-PER3D
8	127	10	148	116	1	0.9324831576117087	No-PER3D
8	127	13	145	117	0.5018101259941606	0.7034385850085402	No-PER3D
6	129	16	142	118	0.07700697539632682	0.41393230906954986	No-PER3D
4	131	14	144	119	0.049226021485535114	0.3151596363455096	No-PER3D
5	130	15	143	120	0.06290262379737645	0.3677984276677366	No-PER3D
4	131	15	143	121	0.030757482541263207	0.2921576734975636	No-PER3D
3	132	11	147	122	0.09622059305790341	0.30484128574199404	No-PER3D
4	131	13	145	123	0.07759570794247363	0.3416827731268225	No-PER3D
3	132	7	151	124	0.3507171703979737	0.4913872805530267	No-PER3D
6	129	7	151	125	1	1.0033110295747425	No-PER3D
10	125	3	155	126	0.04232251243509433	4.114732911315258	PER3D
7	128	5	153	127	0.5561824587413878	1.670471000746631	No-PER3D
5	130	3	155	128	0.4773604939679578	1.982537814275732	No-PER3D
15	120	4	154	129	0.0036246370148345017	4.788624743078248	PER3D
7	128	4	154	130	0.3560400597485102	2.1001922756237517	No-PER3D
3	132	4	154	131	1	0.8753978240960517	No-PER3D
12	123	3	155	132	0.007744525115429215	5.01542130412033	PER3D
11	124	2	156	133	0.00774784343431637	6.879342386200259	PER3D
2	133	4	154	134	0.6901369780699906	0.5799859426352514	No-PER3D
5	130	4	154	135	0.7370677476005769	1.4787627380211008	No-PER3D
14	121	6	152	136	0.035214028492649894	2.920642563042691	PER3D
4	131	8	150	137	0.39598745288901865	0.5735699071722434	No-PER3D
7	128	6	152	138	0.5833325643939687	1.383855872540409	No-PER3D
9	126	7	151	139	0.4470466746405485	1.5385142280744666	No-PER3D
9	126	5	153	140	0.1798843193251273	2.179959627254746	No-PER3D
8	127	8	150	141	0.8002716610534545	1.1804258973080197	No-PER3D
14	121	10	148	142	0.28521445723789435	1.7092129362658437	No-PER3D
14	121	5	153	143	0.016279094920089363	3.5258599795349004	PER3D
7	128	6	152	144	0.5833325643939687	1.383855872540409	No-PER3D
13	122	8	150	145	0.17277643280221383	1.9932637670652618	No-PER3D
15	120	8	150	146	0.07963510331492023	2.3370025431397607	No-PER3D
8	127	7	151	147	0.6034734452189737	1.3573901100997119	No-PER3D
7	128	7	151	148	0.789846306244954	1.1790167965762248	No-PER3D
11	124	8	150	149	0.3442686224715911	1.660384190842784	No-PER3D
7	128	2	156	150	0.08565646240034651	4.246276457687711	No-PER3D
4	131	1	157	151	0.1844479516727625	4.771682567592043	No-PER3D
6	129	5	153	152	0.7595785328088637	1.4215204300302413	No-PER3D
1	134	4	154	153	0.3784818044804668	0.2883795125956093	No-PER3D
2	133	4	154	154	0.6901369780699906	0.5799859426352514	No-PER3D
1	134	4	154	155	0.3784818044804668	0.2883795125956093	No-PER3D
1	134	4	154	156	0.3784818044804668	0.2883795125956093	No-PER3D
0	135	4	154	157	0.1270620663328562	0	No-PER3D
0	135	7	151	158	0.016500663702504675	0	No-PER3D
3	132	7	151	159	0.3507171703979737	0.4913872805530267	No-PER3D
6	129	9	149	160	0.7917832066482264	0.7707053304490044	No-PER3D
5	130	10	148	161	0.4269717925764105	0.5702878003507359	No-PER3D
2	133	8	150	162	0.11422222706047366	0.2830292102241184	No-PER3D
2	133	5	153	163	0.4577397116224834	0.46130309824615356	No-PER3D
4	131	9	149	164	0.39434806460727695	0.5066330881005494	No-PER3D
2	133	7	151	165	0.18517071006172364	0.32551203079905766	No-PER3D
4	131	7	151	166	0.5552988548033232	0.6595865914220782	No-PER3D
2	133	5	153	167	0.4577397116224834	0.46130309824615356	No-PER3D
5	130	8	150	168	0.7773205893986267	0.7219461555677135	No-PER3D
5	130	9	149	169	0.5846631350479742	0.6377089414666524	No-PER3D
4	131	8	150	170	0.39598745288901865	0.5735699071722434	No-PER3D
2	133	6	152	171	0.29458200598522816	0.3821128092611754	No-PER3D
2	133	8	150	172	0.11422222706047366	0.2830292102241184	No-PER3D
4	131	11	147	173	0.1827723482956554	0.4092332018167049	No-PER3D
2	133	11	147	174	0.024657444132337378	0.2018672335865943	No-PER3D
2	133	9	149	175	0.06937555568148614	0.24997280488098036	No-PER3D
2	133	10	148	176	0.04159197435459762	0.22351830477153342	No-PER3D
2	133	10	148	177	0.04159197435459762	0.22351830477153342	No-PER3D
2	133	9	149	178	0.06937555568148614	0.24997280488098036	No-PER3D
2	133	8	150	179	0.11422222706047366	0.2830292102241184	No-PER3D
0	135	8	150	180	0.00838656449530312	0	No-PER3D
0	135	10	148	181	0.0021737911623645814	0	No-PER3D
2	133	9	149	182	0.06937555568148614	0.24997280488098036	No-PER3D
0	135	8	150	183	0.00838656449530312	0	No-PER3D
0	135	8	150	184	0.00838656449530312	0	No-PER3D
2	133	8	150	185	0.11422222706047366	0.2830292102241184	No-PER3D
5	130	8	150	186	0.7773205893986267	0.7219461555677135	No-PER3D
5	130	8	150	187	0.7773205893986267	0.7219461555677135	No-PER3D
5	130	8	150	188	0.7773205893986267	0.7219461555677135	No-PER3D
9	126	4	154	189	0.09664960741381114	2.74078111374353	No-PER3D
11	124	6	152	190	0.13560487796896079	2.2411790031508505	No-PER3D
7	128	9	149	191	1	0.9057082426118096	No-PER3D
7	128	7	151	192	0.789846306244954	1.1790167965762248	No-PER3D
11	124	3	155	193	0.014154444579827447	4.56145585681172	PER3D
11	124	6	152	194	0.13560487796896079	2.2411790031508505	No-PER3D
7	128	7	151	195	0.789846306244954	1.1790167965762248	No-PER3D
10	125	5	153	196	0.11627034339994385	2.44065924423331	No-PER3D
13	122	5	153	197	0.02739731207861187	3.247985213799914	PER3D
12	123	7	151	198	0.1544767032232682	2.0992329011266464	No-PER3D
11	124	8	150	199	0.3442686224715911	1.660384190842784	No-PER3D
9	126	8	150	200	0.6212371969363887	1.3379333916327358	No-PER3D
9	126	7	151	201	0.4470466746405485	1.5385142280744666	No-PER3D
6	129	6	152	202	0.7778476412580382	1.1776295348807893	No-PER3D
8	127	6	152	203	0.4230064475440926	1.5932265685450353	No-PER3D
10	125	6	152	204	0.20342152586347853	2.0218276412875325	No-PER3D
6	129	4	154	205	0.5213522024982334	1.7871207031062002	No-PER3D
5	130	4	154	206	0.7370677476005769	1.4787627380211008	No-PER3D
6	129	5	153	207	0.7595785328088637	1.4215204300302413	No-PER3D
4	131	5	153	208	1	0.9345471540739592	No-PER3D
8	127	4	154	209	0.23594448452052508	2.4180164260457615	No-PER3D
8	127	5	153	210	0.27094601307759625	1.9232338896031584	No-PER3D
11	124	5	153	211	0.07335689504380823	2.705491104137903	No-PER3D
8	127	2	156	212	0.048083796616512624	4.889768837396744	PER3D
9	126	5	153	213	0.1798843193251273	2.179959627254746	No-PER3D
10	125	8	150	214	0.4686684500832117	1.4978961709371001	No-PER3D
9	126	10	148	215	1	1.0569085414130257	No-PER3D
8	127	7	151	216	0.6034734452189737	1.3573901100997119	No-PER3D
9	126	8	150	217	0.6212371969363887	1.3379333916327358	No-PER3D
10	125	10	148	218	0.8175225941236607	1.1833117117699412	No-PER3D
6	129	9	149	219	0.7917832066482264	0.7707053304490044	No-PER3D
6	129	7	151	220	1	1.0033110295747425	No-PER3D
7	128	7	151	221	0.789846306244954	1.1790167965762248	No-PER3D
4	131	8	150	222	0.39598745288901865	0.5735699071722434	No-PER3D
2	133	7	151	223	0.18517071006172364	0.32551203079905766	No-PER3D
3	132	5	153	224	0.7296692210179091	0.6962996986312667	No-PER3D
3	132	7	151	225	0.3507171703979737	0.4913872805530267	No-PER3D
5	130	8	150	226	0.7773205893986267	0.7219461555677135	No-PER3D
5	130	5	153	227	1	1.1762636083973972	No-PER3D
7	128	4	154	228	0.3560400597485102	2.1001922756237517	No-PER3D
5	130	2	156	229	0.2542802305991203	2.9892552927759337	No-PER3D
7	128	6	152	230	0.5833325643939687	1.383855872540409	No-PER3D
6	129	5	153	231	0.7595785328088637	1.4215204300302413	No-PER3D
8	127	11	147	232	0.8141936144218627	0.8422957947580159	No-PER3D
12	123	4	154	233	0.020333260400245273	3.740042584231964	PER3D
7	128	5	153	234	0.5561824587413878	1.670471000746631	No-PER3D
5	130	2	156	235	0.2542802305991203	2.9892552927759337	No-PER3D
7	128	3	155	236	0.19537215937727925	2.8158559435356576	No-PER3D
8	127	7	151	237	0.6034734452189737	1.3573901100997119	No-PER3D
7	128	5	153	238	0.5561824587413878	1.670471000746631	No-PER3D
7	128	3	155	239	0.19537215937727925	2.8158559435356576	No-PER3D
4	131	4	154	240	1	1.1749185286820125	No-PER3D
4	131	6	152	241	0.7574357389836308	0.7742070774460632	No-PER3D
3	132	3	155	242	1	1.1735938220883846	No-PER3D
3	132	3	155	243	1	1.1735938220883846	No-PER3D
5	130	5	153	244	1	1.1762636083973972	No-PER3D
4	131	4	154	245	1	1.1749185286820125	No-PER3D
5	130	3	155	246	0.4773604939679578	1.982537814275732	No-PER3D
7	128	4	154	247	0.3560400597485102	2.1001922756237517	No-PER3D
7	128	4	154	248	0.3560400597485102	2.1001922756237517	No-PER3D
5	130	3	155	249	0.4773604939679578	1.982537814275732	No-PER3D
5	130	5	153	250	1	1.1762636083973972	No-PER3D
4	131	9	149	251	0.39434806460727695	0.5066330881005494	No-PER3D
3	132	5	153	252	0.7296692210179091	0.6962996986312667	No-PER3D
3	132	6	152	253	0.5134045978322364	0.5768022465125555	No-PER3D
4	131	7	151	254	0.5552988548033232	0.6595865914220782	No-PER3D
4	131	6	152	255	0.7574357389836308	0.7742070774460632	No-PER3D
2	133	6	152	256	0.29458200598522816	0.3821128092611754	No-PER3D
2	133	6	152	257	0.29458200598522816	0.3821128092611754	No-PER3D
14	121	7	151	258	0.06781869412521874	2.488186598715246	No-PER3D
13	122	5	153	259	0.02739731207861187	3.247985213799914	PER3D
1	134	6	152	260	0.1286200201109937	0.18991309287744113	No-PER3D
12	123	8	150	261	0.24670329422624307	1.8254660354128829	No-PER3D
12	123	8	150	262	0.24670329422624307	1.8254660354128829	No-PER3D
14	121	6	152	263	0.035214028492649894	2.920642563042691	PER3D
15	120	8	150	264	0.07963510331492023	2.3370025431397607	No-PER3D
15	120	6	152	265	0.02163111128665109	3.1545783890226597	PER3D
15	120	5	153	266	0.009513451745240563	3.8083204730661486	PER3D
25	110	6	152	267	4.257377556622012e-5	5.725278474413072	PER3D
21	114	9	149	268	0.006557574246646468	3.038270853604094	PER3D
19	116	1	157	269	2.3190536291777704e-6	25.517415762712282	PER3D
25	110	5	153	270	2.2699762246021077e-5	6.9123857358639835	PER3D
26	109	10	148	271	0.0010891031191400133	3.51528204465486	PER3D
8	127	5	153	272	0.27094601307759625	1.9232338896031584	No-PER3D
8	127	2	156	273	0.048083796616512624	4.889768837396744	PER3D
8	127	8	150	274	0.8002716610534545	1.1804258973080197	No-PER3D
8	127	10	148	275	1	0.9324831576117087	No-PER3D
1	134	9	149	276	0.023114586672880123	0.1241958705318598	No-PER3D
1	134	8	150	277	0.04133611475039884	0.1406313042524299	No-PER3D
6	129	10	148	278	0.6085324556647708	0.689233976324292	No-PER3D
11	124	10	148	279	0.651187420305613	1.311667800960598	No-PER3D
0	135	8	150	280	0.00838656449530312	0	No-PER3D
10	125	9	149	281	0.6370324794253852	1.3231581014138682	No-PER3D
14	121	8	150	282	0.11845819763352332	2.163732758449765	No-PER3D
15	120	4	154	283	0.0036246370148345017	4.788624743078248	PER3D
20	115	10	148	284	0.020235831124233522	2.565666009602187	PER3D
14	121	5	153	285	0.016279094920089363	3.5258599795349004	PER3D
16	119	6	152	286	0.013071575798879912	3.392399194480384	PER3D
22	113	5	153	287	1.5376408251875247e-4	5.92402084288948	PER3D
20	115	7	151	288	0.003809217211369595	3.7351674819447416	PER3D
19	116	7	151	289	0.0063762567817508995	3.5184741546462983	PER3D
25	110	3	155	290	1.0227683628426544e-6	11.65822746031055	PER3D
25	110	4	154	291	5.353698903979855e-6	8.690727754757312	PER3D
22	113	4	154	292	4.156207026840024e-5	7.451003504486289	PER3D
28	107	2	156	293	1.3584097946849105e-8	20.24812561284941	PER3D
22	113	2	156	294	1.596733447468189e-6	15.074898703567504	PER3D
20	115	3	155	295	3.839372397921095e-5	8.926638880845923	PER3D
13	122	4	154	296	0.011629565245970246	4.083905415738957	PER3D
10	125	1	157	297	0.003305963245792183	12.477344461600158	PER3D
17	118	1	157	298	2.0704522572966284e-5	22.449234658199686	PER3D
14	121	3	155	299	0.0022120894614619823	5.946213701444522	PER3D
16	119	3	155	300	5.985554398250611e-4	6.905160255908834	PER3D
17	118	2	156	301	6.947924772829924e-5	11.161656830646631	PER3D
16	119	2	156	302	1.4392517254625795e-4	10.418243093421209	PER3D
18	117	3	155	303	1.546509595397996e-4	7.898787907144522	PER3D
18	117	2	156	304	3.3226943073746235e-5	11.917661804502522	PER3D
13	122	5	153	305	0.02739731207861187	3.247985213799914	PER3D
22	113	6	152	306	4.8198453408291415e-4	4.906750573654916	PER3D
15	120	7	151	307	0.043647477529955105	2.687458118372264	PER3D
15	120	6	152	308	0.02163111128665109	3.1545783890226597	PER3D
19	116	11	147	309	0.05369893429182018	2.183037574046801	No-PER3D
16	119	10	148	310	0.10422901939414114	1.9852640986279795	No-PER3D
10	125	9	149	311	0.6370324794253852	1.3231581014138682	No-PER3D
7	128	9	149	312	1	0.9057082426118096	No-PER3D
6	129	8	150	313	0.9999999999999999	0.8724984189259347	No-PER3D
8	127	9	149	314	1	1.0427400398566788	No-PER3D
8	127	11	147	315	0.8141936144218627	0.8422957947580159	No-PER3D
9	126	12	146	316	0.8231372835352403	0.8694621121016889	No-PER3D
12	123	7	151	317	0.1544767032232682	2.0992329011266464	No-PER3D
4	131	6	152	318	0.7574357389836308	0.7742070774460632	No-PER3D
7	128	9	149	319	1	0.9057082426118096	No-PER3D
9	126	6	152	320	0.2974726181781399	1.805837303997556	No-PER3D
5	130	8	150	321	0.7773205893986267	0.7219461555677135	No-PER3D
5	130	7	151	322	0.9999999999999999	0.8301952570166553	No-PER3D
6	129	6	152	323	0.7778476412580382	1.1776295348807893	No-PER3D
13	122	9	149	324	0.2665217099076142	1.7606615534235268	No-PER3D
4	131	9	149	325	0.39434806460727695	0.5066330881005494	No-PER3D
7	128	9	149	326	1	0.9057082426118096	No-PER3D
14	121	11	147	327	0.3045585384183905	1.5438712414567513	No-PER3D
16	119	10	148	328	0.10422901939414114	1.9852640986279795	No-PER3D
5	130	8	150	329	0.7773205893986267	0.7219461555677135	No-PER3D
7	128	8	150	330	1	1.0253100442887584	No-PER3D
6	129	6	152	331	0.7778476412580382	1.1776295348807893	No-PER3D
11	124	7	151	332	0.22568789755327312	1.9093341972844404	No-PER3D
6	129	6	152	333	0.7778476412580382	1.1776295348807893	No-PER3D
6	129	7	151	334	1	1.0033110295747425	No-PER3D
28	107	7	151	335	1.87407678677633e-5	5.6130943489993905	PER3D
22	113	8	150	336	0.0018100013718642728	3.6347021474659047	PER3D
16	119	9	149	337	0.09163103637775386	2.2199182804500532	No-PER3D
27	108	9	149	338	2.664381102377986e-4	4.119242300625975	PER3D
26	109	12	146	339	0.004738261774989736	2.891615980257075	PER3D
22	113	9	149	340	0.003972059058235319	3.210539581813268	PER3D
21	114	10	148	341	0.012879856228930245	2.717059718991297	PER3D
24	111	7	151	342	2.310611144325049e-4	4.640599683238319	PER3D
24	111	8	150	343	5.93979882299051e-4	4.035229620169281	PER3D
18	117	10	148	344	0.04758149937321832	2.270561552634351	PER3D
18	117	7	151	345	0.010539358234700775	3.305463102541434	PER3D
19	116	6	152	346	0.0026474951696171633	4.130181007450192	PER3D
13	122	6	152	347	0.05631291179580208	2.690493930358117	No-PER3D
13	122	9	149	348	0.2665217099076142	1.7606615534235268	No-PER3D
15	120	10	148	349	0.20745498107364713	1.8460752883955491	No-PER3D
13	122	10	148	350	0.38410347351788765	1.574562079115859	No-PER3D
17	118	11	147	351	0.11391262375281443	1.9209817497927486	No-PER3D
18	117	5	153	352	0.0017412397848585684	4.684352302083445	PER3D
25	110	7	151	353	1.2533968972637337e-4	4.877150696953585	PER3D
26	109	6	152	354	2.2013862101271787e-5	6.00804355958066	PER3D
23	112	6	152	355	1.5404886387028775e-4	5.1747646392845175	PER3D
28	107	7	151	356	1.87407678677633e-5	5.6130943489993905	PER3D
29	106	6	152	357	2.864157247083882e-6	6.888065948577694	PER3D
27	108	5	153	358	3.1674741980926374e-6	7.6019896551710335	PER3D
27	108	3	155	359	2.2917598263484836e-7	12.82275508320812	PER3D
15	120	2	156	360	2.951802020835154e-4	9.687105490208884	PER3D
15	120	3	155	361	0.0011578560245872652	6.423161896851586	PER3D
13	122	2	156	362	0.0021684303228922904	8.260446232559069	PER3D
23	112	1	157	363	8.740800866258882e-8	31.97964912507014	PER3D
25	110	1	157	364	1.628553086758493e-8	35.38545457105188	PER3D
10	125	1	157	365	0.003305963245792183	12.477344461600158	PER3D
22	113	0	158	366	1.449759718609821e-8	Inf	PER3D
23	112	4	154	367	2.114017590932999e-5	7.858422728391209	PER3D
23	112	4	154	368	2.114017590932999e-5	7.858422728391209	PER3D
17	118	2	156	369	6.947924772829924e-5	11.161656830646631	PER3D
23	112	4	154	370	2.114017590932999e-5	7.858422728391209	PER3D
19	116	4	154	371	3.002991434599188e-4	6.270623276630272	PER3D
12	123	6	152	372	0.08831915780773296	2.464037166017396	No-PER3D
2	133	5	153	373	0.4577397116224834	0.46130309824615356	No-PER3D
14	121	6	152	374	0.035214028492649894	2.920642563042691	PER3D
1	134	7	151	375	0.07329935815291552	0.16175642928429065	No-PER3D
0	135	6	152	376	0.032517714618003075	0	No-PER3D
0	135	5	153	377	0.06420713179595337	0	No-PER3D
1	134	5	153	378	0.22265421768570495	0.2293142336360789	No-PER3D
2	133	5	153	379	0.4577397116224834	0.46130309824615356	No-PER3D
1	134	7	151	380	0.07329935815291552	0.16175642928429065	No-PER3D
2	133	5	153	381	0.4577397116224834	0.46130309824615356	No-PER3D
3	132	5	153	382	0.7296692210179091	0.6962996986312667	No-PER3D
3	132	3	155	383	1	1.1735938220883846	No-PER3D
4	131	4	154	384	1	1.1749185286820125	No-PER3D
5	130	2	156	385	0.2542802305991203	2.9892552927759337	No-PER3D
5	130	0	158	386	0.019938667599825318	Inf	PER3D
5	130	1	157	387	0.0981491621340947	6.006111584268175	No-PER3D
7	128	3	155	388	0.19537215937727925	2.8158559435356576	No-PER3D
5	130	1	157	389	0.0981491621340947	6.006111584268175	No-PER3D
5	130	7	151	390	0.9999999999999999	0.8301952570166553	No-PER3D
6	129	5	153	391	0.7595785328088637	1.4215204300302413	No-PER3D
8	127	3	155	392	0.1198433581117256	3.2421077266557936	No-PER3D
7	128	3	155	393	0.19537215937727925	2.8158559435356576	No-PER3D
6	129	9	149	394	0.7917832066482264	0.7707053304490044	No-PER3D
9	126	5	153	395	0.1798843193251273	2.179959627254746	No-PER3D
9	126	1	157	396	0.006662240791297806	11.142470938148623	PER3D
10	125	3	155	397	0.04232251243509433	4.114732911315258	PER3D
8	127	4	154	398	0.23594448452052508	2.4180164260457615	No-PER3D
14	121	2	156	399	5.989904824430753e-4	8.967938620258998	PER3D
14	121	2	156	400	5.989904824430753e-4	8.967938620258998	PER3D
8	127	4	154	401	0.23594448452052508	2.4180164260457615	No-PER3D
12	123	4	154	402	0.020333260400245273	3.740042584231964	PER3D
21	114	4	154	403	8.106461633288196e-5	7.050686117260995	PER3D
7	128	4	154	404	0.3560400597485102	2.1001922756237517	No-PER3D
12	123	10	148	405	0.5060109399495709	1.4420658356504708	No-PER3D
16	119	7	151	406	0.027607311176325987	2.8900370213852145	PER3D
7	128	7	151	407	0.789846306244954	1.1790167965762248	No-PER3D
9	126	10	148	408	1	1.0569085414130257	No-PER3D
15	120	11	147	409	0.22399835983737612	1.6674877641664718	No-PER3D
9	126	11	147	410	0.9999999999999999	0.9546856724020778	No-PER3D
5	130	8	150	411	0.7773205893986267	0.7219461555677135	No-PER3D
7	128	10	148	412	0.80387686572758	0.8099547263378024	No-PER3D
9	126	14	144	413	0.5214012887984624	0.7354581858670016	No-PER3D
2	133	13	145	414	0.013998210154389207	0.16854589101484815	No-PER3D
2	133	9	149	415	0.06937555568148614	0.24997280488098036	No-PER3D
4	131	11	147	416	0.1827723482956554	0.4092332018167049	No-PER3D
8	127	14	144	417	0.3811637405373033	0.6488598838234969	No-PER3D
8	127	13	145	418	0.5018101259941606	0.7034385850085402	No-PER3D
6	129	10	148	419	0.6085324556647708	0.689233976324292	No-PER3D
8	127	11	147	420	0.8141936144218627	0.8422957947580159	No-PER3D
6	129	9	149	421	0.7917832066482264	0.7707053304490044	No-PER3D
2	133	11	147	422	0.024657444132337378	0.2018672335865943	No-PER3D
2	133	11	147	423	0.024657444132337378	0.2018672335865943	No-PER3D
7	128	10	148	424	0.80387686572758	0.8099547263378024	No-PER3D
3	132	5	153	425	0.7296692210179091	0.6962996986312667	No-PER3D
3	132	6	152	426	0.5134045978322364	0.5768022465125555	No-PER3D
1	134	5	153	427	0.22265421768570495	0.2293142336360789	No-PER3D
1	134	10	148	428	0.012834371337634395	0.11104437418075633	No-PER3D
1	134	9	149	429	0.023114586672880123	0.1241958705318598	No-PER3D
1	134	4	154	430	0.3784818044804668	0.2883795125956093	No-PER3D
3	132	7	151	431	0.3507171703979737	0.4913872805530267	No-PER3D
6	129	10	148	432	0.6085324556647708	0.689233976324292	No-PER3D
2	133	4	154	433	0.6901369780699906	0.5799859426352514	No-PER3D
3	132	4	154	434	1	0.8753978240960517	No-PER3D
9	126	7	151	435	0.4470466746405485	1.5385142280744666	No-PER3D
11	124	6	152	436	0.13560487796896079	2.2411790031508505	No-PER3D
9	126	9	149	437	0.8094194760439745	1.181857356890985	No-PER3D
14	121	7	151	438	0.06781869412521874	2.488186598715246	No-PER3D
15	120	8	150	439	0.07963510331492023	2.3370025431397607	No-PER3D
10	125	8	150	440	0.4686684500832117	1.4978961709371001	No-PER3D
13	122	8	150	441	0.17277643280221383	1.9932637670652618	No-PER3D
10	125	10	148	442	0.8175225941236607	1.1833117117699412	No-PER3D
11	124	11	147	443	0.8247628599733358	1.1847895156901707	No-PER3D
18	117	9	149	444	0.026928813545010272	2.5389580678653347	PER3D
13	122	6	152	445	0.05631291179580208	2.690493930358117	No-PER3D
10	125	8	150	446	0.4686684500832117	1.4978961709371001	No-PER3D
9	126	6	152	447	0.2974726181781399	1.805837303997556	No-PER3D
15	120	4	154	448	0.0036246370148345017	4.788624743078248	PER3D
12	123	4	154	449	0.020333260400245273	3.740042584231964	PER3D
12	123	5	153	450	0.045279181831994086	2.9745632436506155	PER3D
11	124	4	154	451	0.034908565626402654	3.4016565369887903	PER3D
12	123	4	154	452	0.020333260400245273	3.740042584231964	PER3D
11	124	4	154	453	0.034908565626402654	3.4016565369887903	PER3D
11	124	4	154	454	0.034908565626402654	3.4016565369887903	PER3D
15	120	5	153	455	0.009513451745240563	3.8083204730661486	PER3D
16	119	4	154	456	0.001980470580304881	5.149772171272339	PER3D
20	115	2	156	457	7.402173556820369e-6	13.468757688132284	PER3D
11	124	3	155	458	0.014154444579827447	4.56145585681172	PER3D
11	124	5	153	459	0.07335689504380823	2.705491104137903	No-PER3D
16	119	4	154	460	0.001980470580304881	5.149772171272339	PER3D
16	119	4	154	461	0.001980470580304881	5.149772171272339	PER3D
9	126	6	152	462	0.2974726181781399	1.805837303997556	No-PER3D
5	130	7	151	463	0.9999999999999999	0.8301952570166553	No-PER3D
19	116	6	152	464	0.0026474951696171633	4.130181007450192	PER3D
11	124	7	151	465	0.22568789755327312	1.9093341972844404	No-PER3D
4	131	7	151	466	0.5552988548033232	0.6595865914220782	No-PER3D
3	132	3	155	467	1	1.1735938220883846	No-PER3D
6	129	7	151	468	1	1.0033110295747425	No-PER3D
2	133	7	151	469	0.18517071006172364	0.32551203079905766	No-PER3D
1	134	10	148	470	0.012834371337634395	0.11104437418075633	No-PER3D
3	132	13	145	471	0.03628990519989378	0.25454105662115556	No-PER3D
4	131	8	150	472	0.39598745288901865	0.5735699071722434	No-PER3D
2	133	9	149	473	0.06937555568148614	0.24997280488098036	No-PER3D
2	133	11	147	474	0.024657444132337378	0.2018672335865943	No-PER3D
3	132	14	144	475	0.02177219789969216	0.2347722283064245	No-PER3D
1	134	13	145	476	0.002122947739007413	0.0836909030271574	No-PER3D
2	133	9	149	477	0.06937555568148614	0.24997280488098036	No-PER3D
1	134	7	151	478	0.07329935815291552	0.16175642928429065	No-PER3D
1	134	9	149	479	0.023114586672880123	0.1241958705318598	No-PER3D
4	131	8	150	480	0.39598745288901865	0.5735699071722434	No-PER3D
4	131	8	150	481	0.39598745288901865	0.5735699071722434	No-PER3D
3	132	6	152	482	0.5134045978322364	0.5768022465125555	No-PER3D
4	131	8	150	483	0.39598745288901865	0.5735699071722434	No-PER3D
6	129	7	151	484	1	1.0033110295747425	No-PER3D
4	131	6	152	485	0.7574357389836308	0.7742070774460632	No-PER3D
4	131	5	153	486	1	0.9345471540739592	No-PER3D
6	129	9	149	487	0.7917832066482264	0.7707053304490044	No-PER3D
3	132	8	150	488	0.23381335073777396	0.4273077297087053	No-PER3D
2	133	4	154	489	0.6901369780699906	0.5799859426352514	No-PER3D
3	132	4	154	490	1	0.8753978240960517	No-PER3D
4	131	6	152	491	0.7574357389836308	0.7742070774460632	No-PER3D
4	131	6	152	492	0.7574357389836308	0.7742070774460632	No-PER3D
3	132	3	155	493	1	1.1735938220883846	No-PER3D
3	132	3	155	494	1	1.1735938220883846	No-PER3D
6	129	4	154	495	0.5213522024982334	1.7871207031062002	No-PER3D
6	129	6	152	496	0.7778476412580382	1.1776295348807893	No-PER3D
6	129	7	151	497	1	1.0033110295747425	No-PER3D
5	130	6	152	498	1	0.9744418286470045	No-PER3D
6	129	4	154	499	0.5213522024982334	1.7871207031062002	No-PER3D
6	129	9	149	500	0.7917832066482264	0.7707053304490044	No-PER3D
4	131	8	150	501	0.39598745288901865	0.5735699071722434	No-PER3D
4	131	4	154	502	1	1.1749185286820125	No-PER3D
5	130	5	153	503	1	1.1762636083973972	No-PER3D
10	125	6	152	504	0.20342152586347853	2.0218276412875325	No-PER3D
8	127	6	152	505	0.4230064475440926	1.5932265685450353	No-PER3D
7	128	3	155	506	0.19537215937727925	2.8158559435356576	No-PER3D
17	118	5	153	507	0.003107721178855297	4.387443655237884	PER3D
20	115	5	153	508	5.279950779638698e-4	5.293507449778326	PER3D
9	126	4	154	509	0.09664960741381114	2.74078111374353	No-PER3D
7	128	4	154	510	0.3560400597485102	2.1001922756237517	No-PER3D
18	117	5	153	511	0.0017412397848585684	4.684352302083445	PER3D
8	127	3	155	512	0.1198433581117256	3.2421077266557936	No-PER3D
8	127	3	155	513	0.1198433581117256	3.2421077266557936	No-PER3D
6	129	5	153	514	0.7595785328088637	1.4215204300302413	No-PER3D
8	127	4	154	515	0.23594448452052508	2.4180164260457615	No-PER3D
8	127	3	155	516	0.1198433581117256	3.2421077266557936	No-PER3D
5	130	2	156	517	0.2542802305991203	2.9892552927759337	No-PER3D
6	129	2	156	518	0.1494570614790529	3.6129890045569324	No-PER3D
7	128	2	156	519	0.08565646240034651	4.246276457687711	No-PER3D
1	134	1	157	520	1	1.171003704357964	No-PER3D
5	130	2	156	521	0.2542802305991203	2.9892552927759337	No-PER3D
10	125	4	154	522	0.05873764484395688	3.068619307207777	No-PER3D
6	129	3	155	523	0.3102296755235915	2.3960745610450647	No-PER3D
12	123	3	155	524	0.007744525115429215	5.01542130412033	PER3D
8	127	3	155	525	0.1198433581117256	3.2421077266557936	No-PER3D
1	134	1	157	526	1	1.171003704357964	No-PER3D
4	131	3	155	527	0.7071416561027348	1.5751308606056529	No-PER3D
7	128	4	154	528	0.3560400597485102	2.1001922756237517	No-PER3D
9	126	5	153	529	0.1798843193251273	2.179959627254746	No-PER3D
7	128	3	155	530	0.19537215937727925	2.8158559435356576	No-PER3D
4	131	1	157	531	0.1844479516727625	4.771682567592043	No-PER3D
4	131	1	157	532	0.1844479516727625	4.771682567592043	No-PER3D
8	127	5	153	533	0.27094601307759625	1.9232338896031584	No-PER3D
8	127	4	154	534	0.23594448452052508	2.4180164260457615	No-PER3D
4	131	1	157	535	0.1844479516727625	4.771682567592043	No-PER3D
8	127	3	155	536	0.1198433581117256	3.2421077266557936	No-PER3D
12	123	4	154	537	0.020333260400245273	3.740042584231964	PER3D
6	129	3	155	538	0.3102296755235915	2.3960745610450647	No-PER3D
5	130	2	156	539	0.2542802305991203	2.9892552927759337	No-PER3D
7	128	3	155	540	0.19537215937727925	2.8158559435356576	No-PER3D
5	130	4	154	541	0.7370677476005769	1.4787627380211008	No-PER3D
3	132	4	154	542	1	0.8753978240960517	No-PER3D
3	132	3	155	543	1	1.1735938220883846	No-PER3D
4	131	4	154	544	1	1.1749185286820125	No-PER3D
4	131	4	154	545	1	1.1749185286820125	No-PER3D
3	132	4	154	546	1	0.8753978240960517	No-PER3D
4	131	6	152	547	0.7574357389836308	0.7742070774460632	No-PER3D
4	131	6	152	548	0.7574357389836308	0.7742070774460632	No-PER3D
2	133	5	153	549	0.4577397116224834	0.46130309824615356	No-PER3D
2	133	5	153	550	0.4577397116224834	0.46130309824615356	No-PER3D
2	133	6	152	551	0.29458200598522816	0.3821128092611754	No-PER3D
3	132	11	147	552	0.09622059305790341	0.30484128574199404	No-PER3D
3	132	7	151	553	0.3507171703979737	0.4913872805530267	No-PER3D
3	132	7	151	554	0.3507171703979737	0.4913872805530267	No-PER3D
3	132	10	148	555	0.15236750340751537	0.3375146052782784	No-PER3D
4	131	9	149	556	0.39434806460727695	0.5066330881005494	No-PER3D
3	132	6	152	557	0.5134045978322364	0.5768022465125555	No-PER3D
1	134	8	150	558	0.04133611475039884	0.1406313042524299	No-PER3D
2	133	8	150	559	0.11422222706047366	0.2830292102241184	No-PER3D
2	133	7	151	560	0.18517071006172364	0.32551203079905766	No-PER3D
2	133	5	153	561	0.4577397116224834	0.46130309824615356	No-PER3D
2	133	2	156	562	1	1.1722890292118382	No-PER3D
2	133	3	155	563	0.9999999999999999	0.7776034803333954	No-PER3D
2	133	4	154	564	0.6901369780699906	0.5799859426352514	No-PER3D
2	133	5	153	565	0.4577397116224834	0.46130309824615356	No-PER3D
2	133	11	147	566	0.024657444132337378	0.2018672335865943	No-PER3D
2	133	9	149	567	0.06937555568148614	0.24997280488098036	No-PER3D
3	132	10	148	568	0.15236750340751537	0.3375146052782784	No-PER3D
4	131	16	142	569	0.018958750238980762	0.2720260742295357	No-PER3D
3	132	15	143	570	0.012892166474900487	0.21763544388064884	No-PER3D
3	132	15	143	571	0.012892166474900487	0.21763544388064884	No-PER3D
4	131	13	145	572	0.07759570794247363	0.3416827731268225	No-PER3D
5	130	15	143	573	0.06290262379737645	0.3677984276677366	No-PER3D
3	132	13	145	574	0.03628990519989378	0.25454105662115556	No-PER3D
2	133	13	145	575	0.013998210154389207	0.16854589101484815	No-PER3D
3	132	11	147	576	0.09622059305790341	0.30484128574199404	No-PER3D
4	131	11	147	577	0.1827723482956554	0.4092332018167049	No-PER3D
2	133	13	145	578	0.013998210154389207	0.16854589101484815	No-PER3D
3	132	10	148	579	0.15236750340751537	0.3375146052782784	No-PER3D
10	125	10	148	580	0.8175225941236607	1.1833117117699412	No-PER3D
4	131	14	144	581	0.049226021485535114	0.3151596363455096	No-PER3D
9	126	12	146	582	0.8231372835352403	0.8694621121016889	No-PER3D
4	131	10	148	583	0.2718188477147393	0.4530784997885941	No-PER3D
2	133	9	149	584	0.06937555568148614	0.24997280488098036	No-PER3D
0	135	7	151	585	0.016500663702504675	0	No-PER3D
0	135	7	151	586	0.016500663702504675	0	No-PER3D
0	135	6	152	587	0.032517714618003075	0	No-PER3D
0	135	7	151	588	0.016500663702504675	0	No-PER3D
0	135	7	151	589	0.016500663702504675	0	No-PER3D
0	135	4	154	590	0.1270620663328562	0	No-PER3D
0	135	3	155	591	0.2520688204217121	0	No-PER3D
1	134	4	154	592	0.3784818044804668	0.2883795125956093	No-PER3D
0	135	4	154	593	0.1270620663328562	0	No-PER3D
1	134	4	154	594	0.3784818044804668	0.2883795125956093	No-PER3D
2	133	8	150	595	0.11422222706047366	0.2830292102241184	No-PER3D
1	134	5	153	596	0.22265421768570495	0.2293142336360789	No-PER3D
4	131	8	150	597	0.39598745288901865	0.5735699071722434	No-PER3D
1	134	7	151	598	0.07329935815291552	0.16175642928429065	No-PER3D
1	134	7	151	599	0.07329935815291552	0.16175642928429065	No-PER3D
